0.0022558570547309142  0.006645515608706631
0.00917961521115468  0.06017498101313712
0.024041928284526837  0.15696328271466742
0.03891520821424943  0.24610220211174783
0.053295025463233836  0.3306562856445243
0.06633123529174256  0.422309729814214
0.05674208583147505  0.3677570685512208
0.07934439492242246  0.506789016590913
0.09019259845789873  0.5783407699726224
0.09531984141418332  0.6642268925966264
0.10720026341118916  0.7482338859879982
0.1190940792463635  0.8228986772567468
0.12563246729285632  0.9127070905518906
0.13750199265192525  1.0043144889042193
0.14938792911031012  1.0844751454836432
0.15459215664502018  1.17479370060235
0.16797278189443415  1.258734092476868
0.17771310639097843  1.3241005178299181
0.1984700344678762  1.3890061119119244
0.23184522829853632  1.4206648637002792
0.27824781924362335  1.3215328306315186
0.2682748755117283  1.4018099859510353
0.28646882491934705  1.2674322785912873
0.2985371069256874  1.220406915471767
0.30462181963793994  1.1616204668270802
0.31671222692911755  1.0991627175335628
0.3268276166488752  1.019179501588422
0.33428082362016337  0.9359351224110682
0.3470665718091179  0.8535105044905859
0.3572054511630473  0.7571432687105426
0.36466424003503545  0.6700055137950363
0.3754676820182918  0.5751392516319493
0.387627432494093  0.46431463106344517
0.3957774030734434  0.36011104283515993
0.3896994796851136  0.41416193804368717
0.4079291062226083  0.2548994325954743
0.42010086608513847  0.13569826478363978
0.4110147664040989  0.19530179008146842
0.42559257101656484  0.025501335692766913
0.43691394914449216  -0.08185033169906841
0.4323300531230843  -0.02355835788074989
0.44857670424931356  -0.19479573668846162
0.4567422053260805  -0.30983184686479004
0.4536518762685398  -0.2469776633058609
0.46709958418842307  -0.4190924674913188
0.48106798332215045  -0.5358593265177511
0.4872274727532208  -0.6468025365379282
0.4749671629875251  -0.46583781126807966
0.49786753312550897  -0.7439684769438559
0.5095279328976441  -0.8552710373845056
0.5176742943205268  -0.9569572389766441
0.511597296925947  -0.9035522244086935
0.5298147843857115  -1.0543477231401062
0.5399565999439124  -1.1527629613995118
0.5474258470982529  -1.2471953682556458
0.5602194389989714  -1.3350909751315994
0.5723407750001608  -1.4191214996582635
0.5784586075518934  -1.5010090363403743
0.5905521929210602  -1.5656834950312761
0.6026557871932594  -1.6373391635872323
0.6087508492474227  -1.7033442782148314
0.6208284534429431  -1.7568718682873825
0.6309253140652307  -1.8239310387473255
0.6498135207302593  -1.8845130940634565
0.6828171207597102  -1.9451604493175514
0.7318055432329171  -1.9255705754538985
0.7514899698833211  -1.862990053157019
0.7619273576101657  -1.818791823366248
0.7730857305768717  -1.7543182148596068
0.7827593512447717  -1.7005550449737605
0.7901693438774866  -1.6373990711030502
0.8013226185828519  -1.5693694253114054
0.8131418961361145  -1.50084335835569
0.8190162552317513  -1.4129081594108321
0.8308937410244854  -1.3268531635400975
0.8420948156180059  -1.2340347637900912
0.8479549164849496  -1.1361544503319323
0.860481601710986  -1.0378826516169746
0.8724163447839242  -0.9336354327420009
0.8538838054590312  -1.0862538416023078
0.8775204386746065  -0.831602836860428
0.8901005104232196  -0.7124389616960427
0.9004432818638479  -0.60224587226938
0.9070318976140419  -0.4893421063592347
0.8892622137284294  -0.6508896005990168
0.9188460799320872  -0.3591329368930156
0.9011149337275381  -0.547560463674434
0.9099483693996682  -0.43093084275783666
0.9288905483871159  -0.2501385484182699
0.9365173088939938  -0.1289131333684157
0.9247615458875247  -0.29986977265923653
0.9483231845033999  0.007089965373562768
0.9306007535341445  -0.1874164380250456
0.9394309209930392  -0.06850723837700223
0.9594981335651958  0.11813092350148757
0.9659965922741298  0.23579004974386497
0.9512373413046515  0.06711593057640197
0.9778102493436196  0.3663655800776384
0.9600800369142806  0.17728674508723508
0.968911838479793  0.29505615536955543
0.9885598313614037  0.478169701130418
0.9990747667044366  0.601447126253059
0.983723380861032  0.427257014833879
1.015016225476326  0.6684468731922124
1.0296128498251056  0.7603121208354882
1.0506750439653725  0.8131045162602866
1.071078014406816  0.881809916204109
1.1159557552386934  0.8696906811971423
1.1271673996488272  0.8222699459815117
1.142252784579503  0.7634656272137434
1.1539055003039067  0.7073476980198543
1.1543760763209934  0.6780709738271504
1.1674667269014087  0.6154936416488903
1.184830607971172  0.5527794280464198
1.2056350595208152  0.49998587123870397
1.226213908857503  0.4460157417497477
1.2597971965373307  0.3896013155822988
1.2966656921610284  0.3436697160483999
1.3485816225345757  0.31190738963078823
1.4099711787333904  0.27576543761659433
1.4760392977210695  0.2315597933765361
1.5145134566034701  0.18175824907116334
1.56430777642445  0.135899461242875
1.6082639896754123  0.08145185455442072
1.6503387334196225  0.03142277002808824
1.6932097695370918  -0.015980155759849346
1.740481423649713  -0.0635936431887687
1.787158799275728  -0.10449641284977651
1.854599110729367  -0.1399676863697905
1.9206393013494005  -0.16469329417748968
1.9866358167562028  -0.15895544075586243
2.0511862264533383  -0.12933548264230277
2.100528628482013  -0.07847892463112371
2.1471725427607873  -0.02705393203979045
2.1863863059786817  0.025100598279929276
2.240724599688566  0.07086679354200243
2.3042562286734944  0.1217426589597943
2.3702319463597097  0.14198692249062494
2.4362468826047454  0.1348762412441007
2.5022872217799264  0.11004701622133539
2.5683398839582576  0.07662249650121233
2.6343964109284306  0.04050228447168047
2.700451749457427  0.005211010162674556
2.7664907044759204  -0.018652765570509544
2.8325088240455356  -0.027983815711299265
2.898513955650866  -0.028255760763484794
2.964514333491491  -0.02521195493356676
3.0305139048898893  -0.021605655650434485
3.096519910848371  -0.022487462025578386
3.1625148727927783  -0.015666068583549242
3.2285152506334036  -0.012622262753631208
3.29452008512844  -0.01268697337568514
3.3605243254028885  -0.012337215137476099
3.4265279714567485  -0.011572988039004084
3.4925262695253148  -0.007078541198165533
3.558517932130646  0.002044141248942255
3.6245106841403896  0.01040696411890174
3.690513438863367  0.011792894507768104
3.7565147080348744  0.01421499704729201
3.8225195425299114  0.014150286425238079
3.8885276452381827  0.011805997071737906
3.9545375306082198  0.008218301137448814
4.002552990438432  -0.000159585224421388
