1e-05	0.00138164
2e-05	0.00252793
3e-05	0.00376709
4e-05	0.00504353
5e-05	0.00629605
6e-05	0.00754071
7e-05	0.00879594
8e-05	0.0100444
9e-05	0.0113085
0.0001	0.0125742
0.00011	0.0138321
0.00012	0.0150899
0.00013	0.0163477
0.00014	0.0176023
0.00015	0.0188594
0.00016	0.0201163
0.00017	0.0213732
0.00018	0.0226236
0.00019	0.0238798
0.0002	0.0251358
0.00021	0.0263917
0.00022	0.0276351
0.00023	0.0288907
0.00024	0.0301464
0.00025	0.0314022
0.00026	0.0326519
0.00027	0.0339077
0.00028	0.0351635
0.00029	0.0364192
0.0003	0.0376748
0.00031	0.0389305
0.00032	0.0401861
0.00033	0.0414416
0.00034	0.0426971
0.00035	0.0439526
0.00036	0.045208
0.00037	0.0464633
0.00038	0.0477186
0.00039	0.0489738
0.0004	0.0502343
0.00041	0.0514896
0.00042	0.0527448
0.00043	0.0539999
0.00044	0.0552549
0.00045	0.0565099
0.00046	0.0577647
0.00047	0.0590195
0.00048	0.0602884
0.00049	0.0615431
0.0005	0.0627977
0.00051	0.0640522
0.00052	0.0653066
0.00053	0.0665609
0.00054	0.067815
0.00055	0.0690691
0.00056	0.0703231
0.00057	0.0715769
0.00058	0.0728307
0.00059	0.0740843
0.0006	0.0753379
0.00061	0.0765913
0.00062	0.0778446
0.00063	0.0790978
0.00064	0.0803508
0.00065	0.0816037
0.00066	0.0828566
0.00067	0.0841092
0.00068	0.0853618
0.00069	0.0866142
0.0007	0.0878729
0.00071	0.0891249
0.00072	0.0903769
0.00073	0.0916287
0.00074	0.0928804
0.00075	0.094132
0.00076	0.0953833
0.00077	0.0966346
0.00078	0.0978857
0.00079	0.0991366
0.0008	0.100387
0.00081	0.101638
0.00082	0.102889
0.00083	0.104139
0.00084	0.105389
0.00085	0.106639
0.00086	0.107889
0.00087	0.109138
0.00088	0.110388
0.00089	0.111637
0.0009	0.112886
0.00091	0.114135
0.00092	0.115384
0.00093	0.116633
0.00094	0.117881
0.00095	0.11913
0.00096	0.120378
0.00097	0.121626
0.00098	0.122873
0.00099	0.124121
0.001	0.125368
0.00101	0.126615
0.00102	0.127862
0.00103	0.129109
0.00104	0.130355
0.00105	0.131602
0.00106	0.132848
0.00107	0.134094
0.00108	0.135339
0.00109	0.136585
0.0011	0.13783
0.00111	0.139075
0.00112	0.14032
0.00113	0.141565
0.00114	0.142809
0.00115	0.144053
0.00116	0.145297
0.00117	0.146541
0.00118	0.147784
0.00119	0.149028
0.0012	0.150271
0.00121	0.151514
0.00122	0.152756
0.00123	0.153998
0.00124	0.15524
0.00125	0.156482
0.00126	0.157724
0.00127	0.158965
0.00128	0.160206
0.00129	0.161447
0.0013	0.162687
0.00131	0.163928
0.00132	0.165168
0.00133	0.166408
0.00134	0.167647
0.00135	0.168886
0.00136	0.170125
0.00137	0.171364
0.00138	0.172602
0.00139	0.17384
0.0014	0.175078
0.00141	0.176316
0.00142	0.177553
0.00143	0.17879
0.00144	0.180027
0.00145	0.181263
0.00146	0.182499
0.00147	0.183735
0.00148	0.18497
0.00149	0.186206
0.0015	0.187441
0.00151	0.188675
0.00152	0.189909
0.00153	0.191143
0.00154	0.192377
0.00155	0.19361
0.00156	0.194843
0.00157	0.196076
0.00158	0.197309
0.00159	0.198541
0.0016	0.199772
0.00161	0.201004
0.00162	0.202235
0.00163	0.203466
0.00164	0.204696
0.00165	0.205926
0.00166	0.207156
0.00167	0.208385
0.00168	0.209614
0.00169	0.210843
0.0017	0.212071
0.00171	0.213299
0.00172	0.214526
0.00173	0.215754
0.00174	0.21698
0.00175	0.218207
0.00176	0.219433
0.00177	0.220659
0.00178	0.221884
0.00179	0.223109
0.0018	0.224334
0.00181	0.225558
0.00182	0.226782
0.00183	0.228005
0.00184	0.229228
0.00185	0.230451
0.00186	0.231673
0.00187	0.232895
0.00188	0.234116
0.00189	0.235337
0.0019	0.236558
0.00191	0.237778
0.00192	0.238998
0.00193	0.240217
0.00194	0.241436
0.00195	0.242655
0.00196	0.243873
0.00197	0.245091
0.00198	0.246308
0.00199	0.247524
0.002	0.248741
0.00201	0.249957
0.00202	0.251172
0.00203	0.252387
0.00204	0.253602
0.00205	0.254816
0.00206	0.256029
0.00207	0.257243
0.00208	0.258455
0.00209	0.259668
0.0021	0.260879
0.00211	0.262091
0.00212	0.263301
0.00213	0.264512
0.00214	0.265722
0.00215	0.266931
0.00216	0.26814
0.00217	0.269348
0.00218	0.270556
0.00219	0.271764
0.0022	0.27297
0.00221	0.274177
0.00222	0.275383
0.00223	0.276588
0.00224	0.277793
0.00225	0.278997
0.00226	0.280201
0.00227	0.281404
0.00228	0.282607
0.00229	0.283803
0.0023	0.285004
0.00231	0.286205
0.00232	0.287406
0.00233	0.288606
0.00234	0.289805
0.00235	0.291004
0.00236	0.292202
0.00237	0.2934
0.00238	0.294598
0.00239	0.295794
0.0024	0.29699
0.00241	0.298186
0.00242	0.299381
0.00243	0.300575
0.00244	0.301769
0.00245	0.302962
0.00246	0.304155
0.00247	0.305347
0.00248	0.306538
0.00249	0.307729
0.0025	0.308919
0.00251	0.310109
0.00252	0.311298
0.00253	0.312486
0.00254	0.313673
0.00255	0.314861
0.00256	0.316047
0.00257	0.317233
0.00258	0.318418
0.00259	0.319602
0.0026	0.320786
0.00261	0.321969
0.00262	0.323152
0.00263	0.324334
0.00264	0.325515
0.00265	0.326696
0.00266	0.327875
0.00267	0.329055
0.00268	0.330233
0.00269	0.331411
0.0027	0.332588
0.00271	0.333764
0.00272	0.33494
0.00273	0.336115
0.00274	0.337289
0.00275	0.338463
0.00276	0.339636
0.00277	0.340808
0.00278	0.341979
0.00279	0.34315
0.0028	0.34432
0.00281	0.345489
0.00282	0.346657
0.00283	0.347825
0.00284	0.348992
0.00285	0.350158
0.00286	0.351323
0.00287	0.352488
0.00288	0.353651
0.00289	0.354814
0.0029	0.355977
0.00291	0.357138
0.00292	0.358299
0.00293	0.359458
0.00294	0.360617
0.00295	0.361776
0.00296	0.362933
0.00297	0.364089
0.00298	0.365245
0.00299	0.3664
0.003	0.367554
0.00301	0.368707
0.00302	0.369859
0.00303	0.371011
0.00304	0.372161
0.00305	0.373311
0.00306	0.37446
0.00307	0.375608
0.00308	0.376755
0.00309	0.377901
0.0031	0.379046
0.00311	0.380191
0.00312	0.381334
0.00313	0.382477
0.00314	0.383618
0.00315	0.384759
0.00316	0.385898
0.00317	0.387037
0.00318	0.388175
0.00319	0.389312
0.0032	0.390448
0.00321	0.391583
0.00322	0.392717
0.00323	0.39385
0.00324	0.394982
0.00325	0.396112
0.00326	0.397242
0.00327	0.398371
0.00328	0.399499
0.00329	0.400626
0.0033	0.401752
0.00331	0.402877
0.00332	0.404001
0.00333	0.405123
0.00334	0.406245
0.00335	0.407365
0.00336	0.408485
0.00337	0.409603
0.00338	0.410721
0.00339	0.411837
0.0034	0.412952
0.00341	0.414066
0.00342	0.415179
0.00343	0.41629
0.00344	0.417401
0.00345	0.41851
0.00346	0.419619
0.00347	0.420726
0.00348	0.421832
0.00349	0.422936
0.0035	0.42404
0.00351	0.425142
0.00352	0.426243
0.00353	0.427343
0.00354	0.428442
0.00355	0.42954
0.00356	0.430636
0.00357	0.431731
0.00358	0.432824
0.00359	0.433917
0.0036	0.435008
0.00361	0.436098
0.00362	0.437186
0.00363	0.438273
0.00364	0.439359
0.00365	0.440444
0.00366	0.441527
0.00367	0.442609
0.00368	0.443689
0.00369	0.444768
0.0037	0.445846
0.00371	0.446922
0.00372	0.447997
0.00373	0.449071
0.00374	0.450143
0.00375	0.451213
0.00376	0.452283
0.00377	0.45335
0.00378	0.454416
0.00379	0.455481
0.0038	0.456544
0.00381	0.457605
0.00382	0.458666
0.00383	0.459725
0.00384	0.460782
0.00385	0.461837
0.00386	0.462891
0.00387	0.463944
0.00388	0.464994
0.00389	0.466044
0.0039	0.467091
0.00391	0.468137
0.00392	0.469181
0.00393	0.470224
0.00394	0.471264
0.00395	0.472303
0.00396	0.473341
0.00397	0.474376
0.00398	0.47541
0.00399	0.476443
0.004	0.477473
0.00401	0.478501
0.00402	0.479528
0.00403	0.480553
0.00404	0.481576
0.00405	0.482597
0.00406	0.483617
0.00407	0.484634
0.00408	0.48565
0.00409	0.486663
0.0041	0.487675
0.00411	0.488685
0.00412	0.489692
0.00413	0.490698
0.00414	0.491702
0.00415	0.492703
0.00416	0.493703
0.00417	0.4947
0.00418	0.495696
0.00419	0.496689
0.0042	0.49768
0.00421	0.498669
0.00422	0.499656
0.00423	0.500629
0.00424	0.501613
0.00425	0.502593
0.00426	0.503571
0.00427	0.504548
0.00428	0.505521
0.00429	0.506492
0.0043	0.507459
0.00431	0.508425
0.00432	0.509389
0.00433	0.510351
0.00434	0.511309
0.00435	0.512266
0.00436	0.51322
0.00437	0.51417
0.00438	0.515119
0.00439	0.516065
0.0044	0.517008
0.00441	0.517949
0.00442	0.518887
0.00443	0.519822
0.00444	0.520754
0.00445	0.521684
0.00446	0.52261
0.00447	0.523534
0.00448	0.524455
0.00449	0.525373
0.0045	0.526287
0.00451	0.5272
0.00452	0.528108
0.00453	0.529014
0.00454	0.529917
0.00455	0.530817
0.00456	0.531713
0.00457	0.532606
0.00458	0.53351
0.00459	0.534401
0.0046	0.535284
0.00461	0.536164
0.00462	0.537027
0.00463	0.537896
0.00464	0.538765
0.00465	0.539643
0.00466	0.540509
0.00467	0.541366
0.00468	0.542221
0.00469	0.543072
0.0047	0.543918
0.00471	0.544761
0.00472	0.5456
0.00473	0.546434
0.00474	0.547264
0.00475	0.54809
0.00476	0.548911
0.00477	0.549729
0.00478	0.550542
0.00479	0.551351
0.0048	0.552154
0.00481	0.552954
0.00482	0.553748
0.00483	0.554538
0.00484	0.555323
0.00485	0.556103
0.00486	0.556878
0.00487	0.557648
0.00488	0.558413
0.00489	0.559172
0.0049	0.559926
0.00491	0.560674
0.00492	0.561417
0.00493	0.562154
0.00494	0.562885
0.00495	0.563611
0.00496	0.56433
0.00497	0.565043
0.00498	0.56575
0.00499	0.56645
0.005	0.567144
0.00501	0.567831
0.005011	0.567492
0.005012	0.567147
0.005013	0.566969
0.005014	0.566787
0.005015	0.566693
0.005016	0.566595
0.005017	0.566553
0.005018	0.566508
0.005019	0.5665
0.00502	0.56649
0.005021	0.566504
0.005022	0.566517
0.005023	0.566547
0.005024	0.566575
0.005025	0.566615
0.005026	0.566654
0.005027	0.566701
0.005028	0.566747
0.005029	0.566798
0.00503	0.566848
0.005031	0.566903
0.005032	0.566956
0.005033	0.567012
0.005034	0.567068
0.005035	0.567126
0.005036	0.567183
0.005037	0.567241
0.005038	0.567299
0.005039	0.567358
0.00504	0.567416
0.005041	0.567475
0.005042	0.567534
0.005043	0.567593
0.005044	0.567652
0.005045	0.567711
0.005046	0.56777
0.005047	0.567829
0.005048	0.567887
0.005049	0.567946
0.00505	0.568005
0.005051	0.568064
0.005052	0.568123
0.005053	0.568181
0.005054	0.56824
0.005055	0.568298
0.005056	0.568356
0.005057	0.568415
0.005058	0.568473
0.005059	0.568531
0.00506	0.568589
0.005061	0.568646
0.005062	0.568704
0.005063	0.568762
0.005064	0.568819
0.005065	0.568877
0.005066	0.568934
0.005067	0.568991
0.005068	0.569048
0.005069	0.569106
0.00507	0.569162
0.005071	0.569219
0.005072	0.569276
0.005073	0.569332
0.005074	0.569389
0.005075	0.569445
0.005076	0.569501
0.005077	0.569557
0.005078	0.569613
0.005079	0.569669
0.00508	0.569725
0.005081	0.56978
0.005082	0.569836
0.005083	0.569891
0.005084	0.569947
0.005085	0.570002
0.005086	0.570057
0.005087	0.570112
0.005088	0.570167
0.005089	0.570222
0.00509	0.570276
0.005091	0.570331
0.005092	0.570385
0.005093	0.570439
0.005094	0.570493
0.005095	0.570547
0.005096	0.570601
0.005097	0.570655
0.005098	0.570709
0.005099	0.570762
0.0051	0.570816
0.005101	0.570869
0.005102	0.570922
0.005103	0.570975
0.005104	0.571028
0.005105	0.571081
0.005106	0.571133
0.005107	0.571186
0.005108	0.571239
0.005109	0.571291
0.00511	0.571343
0.005111	0.571395
0.005112	0.571447
0.005113	0.571498
0.005114	0.57155
0.005115	0.571602
0.005116	0.571653
0.005117	0.571705
0.005118	0.571755
0.005119	0.571806
0.00512	0.571857
0.005121	0.571908
0.005122	0.571959
0.005123	0.572009
0.005124	0.57206
0.005125	0.57211
0.005126	0.57216
0.005127	0.57221
0.005128	0.572259
0.005129	0.572309
0.00513	0.572359
0.005131	0.572408
0.005132	0.572458
0.005133	0.572506
0.005134	0.572556
0.005135	0.572604
0.005136	0.572653
0.005137	0.572702
0.005138	0.57275
0.005139	0.572798
0.00514	0.572846
0.005141	0.572894
0.005142	0.572942
0.005143	0.57299
0.005144	0.573037
0.005145	0.573085
0.005146	0.573132
0.005147	0.573179
0.005148	0.573226
0.005149	0.573273
0.00515	0.573319
0.005151	0.573366
0.005152	0.573412
0.005153	0.573458
0.005154	0.573504
0.005155	0.57355
0.005156	0.573596
0.005157	0.573642
0.005158	0.573687
0.005159	0.573732
0.00516	0.573778
0.005161	0.573823
0.005162	0.573867
0.005163	0.573912
0.005164	0.573957
0.005165	0.574001
0.005166	0.574045
0.005167	0.574089
0.005168	0.574133
0.005169	0.574177
0.00517	0.574221
0.005171	0.574264
0.005172	0.574307
0.005173	0.57435
0.005174	0.574393
0.005175	0.574435
0.005176	0.574478
0.005177	0.574521
0.005178	0.574563
0.005179	0.574605
0.00518	0.574646
0.005181	0.574688
0.005182	0.57473
0.005183	0.574771
0.005184	0.574812
0.005185	0.574853
0.005186	0.574894
0.005187	0.574935
0.005188	0.574976
0.005189	0.575016
0.00519	0.575056
0.005191	0.575096
0.005192	0.575136
0.005193	0.575175
0.005194	0.575215
0.005195	0.575254
0.005196	0.575293
0.005197	0.575331
0.005198	0.57537
0.005199	0.575409
0.0052	0.575447
0.005201	0.575485
0.005202	0.575523
0.005203	0.575561
0.005204	0.575598
0.005205	0.575635
0.005206	0.575673
0.005207	0.57571
0.005208	0.575746
0.005209	0.575783
0.00521	0.575819
0.005211	0.575855
0.005212	0.575891
0.005213	0.575927
0.005214	0.575963
0.005215	0.575998
0.005216	0.576033
0.005217	0.576068
0.005218	0.576103
0.005219	0.576137
0.00522	0.576172
0.005221	0.576206
0.005222	0.57624
0.005223	0.576273
0.005224	0.576307
0.005225	0.57634
0.005226	0.576373
0.005227	0.576406
0.005228	0.576439
0.005229	0.576471
0.00523	0.576503
0.005231	0.576535
0.005232	0.576567
0.005233	0.576599
0.005234	0.57663
0.005235	0.576661
0.005236	0.576692
0.005237	0.576723
0.005238	0.576753
0.005239	0.576783
0.00524	0.576813
0.005241	0.576842
0.005242	0.576872
0.005243	0.576901
0.005244	0.57693
0.005245	0.576959
0.005246	0.576987
0.005247	0.577015
0.005248	0.577044
0.005249	0.577072
0.00525	0.577099
0.005251	0.577126
0.005252	0.577153
0.005253	0.57718
0.005254	0.577207
0.005255	0.577233
0.005256	0.577259
0.005257	0.577284
0.005258	0.57731
0.005259	0.577335
0.00526	0.57736
0.005261	0.577385
0.005262	0.577409
0.005263	0.577433
0.005264	0.577457
0.005265	0.577481
0.005266	0.577504
0.005267	0.577527
0.005268	0.57755
0.005269	0.577573
0.00527	0.577595
0.005271	0.577617
0.005272	0.577639
0.005273	0.57766
0.005274	0.577681
0.005275	0.577702
0.005276	0.577723
0.005277	0.577743
0.005278	0.577763
0.005279	0.577782
0.00528	0.577802
0.005281	0.577821
0.005282	0.57784
0.005283	0.577858
0.005284	0.577876
0.005285	0.577894
0.005286	0.577911
0.005287	0.577929
0.005288	0.577945
0.005289	0.577962
0.00529	0.577978
0.005291	0.577995
0.005292	0.57801
0.005293	0.578025
0.005294	0.57804
0.005295	0.578055
0.005296	0.578069
0.005297	0.578083
0.005298	0.578097
0.005299	0.57811
0.0053	0.578123
0.005301	0.578135
0.005302	0.578148
0.005303	0.578159
0.005304	0.578171
0.005305	0.578182
0.005306	0.578193
0.005307	0.578204
0.005308	0.578213
0.005309	0.578224
0.00531	0.578233
0.005311	0.578242
0.005312	0.57825
0.005313	0.578258
0.005314	0.578267
0.005315	0.578274
0.005316	0.578281
0.005317	0.578287
0.005318	0.578294
0.005319	0.5783
0.00532	0.578305
0.005321	0.578311
0.005322	0.578315
0.005323	0.578319
0.005324	0.578323
0.005325	0.578327
0.005326	0.57833
0.005327	0.578332
0.005328	0.578334
0.005329	0.578336
0.00533	0.578337
0.005331	0.578338
0.005332	0.578338
0.005333	0.578338
0.005334	0.578338
0.005335	0.578337
0.005336	0.578335
0.005337	0.578333
0.005338	0.578331
0.005339	0.578329
0.00534	0.578325
0.005341	0.578321
0.005342	0.578317
0.005343	0.578312
0.005344	0.578307
0.005345	0.578301
0.005346	0.578295
0.005347	0.578288
0.005348	0.578281
0.005349	0.578273
0.00535	0.578265
0.005351	0.578256
0.005352	0.578246
0.005353	0.578236
0.005354	0.578226
0.005355	0.578215
0.005356	0.578203
0.005357	0.578191
0.005358	0.578178
0.005359	0.578165
0.00536	0.578151
0.005361	0.578137
0.005362	0.578122
0.005363	0.578106
0.005364	0.57809
0.005365	0.578073
0.005366	0.578055
0.005367	0.578037
0.005368	0.578018
0.005369	0.577999
0.00537	0.577979
0.005371	0.577958
0.005372	0.577937
0.005373	0.577915
0.005374	0.577892
0.005375	0.577869
0.005376	0.577844
0.005377	0.57782
0.005378	0.577794
0.005379	0.577768
0.00538	0.577741
0.005381	0.577713
0.005382	0.577684
0.005383	0.577655
0.005384	0.577625
0.005385	0.577594
0.005386	0.577562
0.005387	0.57753
0.005388	0.577497
0.005389	0.577463
0.00539	0.577428
0.005391	0.577392
0.005392	0.577355
0.005393	0.577318
0.005394	0.57728
0.005395	0.57724
0.005396	0.577199
0.005397	0.577158
0.005398	0.577116
0.005399	0.577073
0.0054	0.577029
0.005401	0.576983
0.005402	0.576938
0.005403	0.57689
0.005404	0.576842
0.005405	0.576792
0.005406	0.576742
0.005407	0.57669
0.005408	0.576638
0.005409	0.576584
0.00541	0.576528
0.005411	0.576471
0.005412	0.576414
0.005413	0.576355
0.005414	0.576294
0.005415	0.576233
0.005416	0.576171
0.005417	0.576105
0.005418	0.57604
0.005419	0.575973
0.00542	0.575903
0.005421	0.575834
0.005422	0.575761
0.005423	0.575688
0.005424	0.575612
0.005425	0.575535
0.005426	0.575455
0.005427	0.575374
0.005428	0.575291
0.005429	0.575206
0.00543	0.575119
0.005431	0.575029
0.005432	0.574938
0.005433	0.574845
0.005434	0.574749
0.005435	0.57465
0.005436	0.57455
0.005437	0.574446
0.005438	0.57434
0.005439	0.574231
0.00544	0.57412
0.005441	0.574005
0.005442	0.573887
0.005443	0.573765
0.005444	0.57364
0.005445	0.573512
0.005446	0.57338
0.005447	0.573244
0.005448	0.573103
0.005449	0.572959
0.00545	0.572809
0.005451	0.572655
0.005452	0.572497
0.005453	0.572333
0.005454	0.572162
0.005455	0.571986
0.005456	0.571804
0.005457	0.571616
0.005458	0.571421
0.005459	0.571218
0.00546	0.571008
0.005461	0.570791
0.005462	0.570564
0.005463	0.570328
0.005464	0.570084
0.005465	0.569829
0.005466	0.569564
0.005467	0.569288
0.005468	0.569
0.005469	0.5687
0.00547	0.568388
0.005471	0.568062
0.005472	0.567722
0.005473	0.567367
0.005474	0.566996
0.005475	0.566609
0.005476	0.566206
0.005477	0.565784
0.005478	0.565345
0.005479	0.564885
0.00548	0.564406
0.005481	0.563905
0.005482	0.563384
0.005483	0.562843
0.005484	0.562275
0.005485	0.561685
0.005486	0.56107
0.005487	0.560431
0.005488	0.559768
0.005489	0.559078
0.00549	0.558362
0.005491	0.55762
0.005492	0.556849
0.005493	0.556054
0.005494	0.555229
0.005495	0.554379
0.005496	0.553501
0.005497	0.552596
0.005498	0.551663
0.005499	0.550703
0.0055	0.549717
0.005501	0.548706
0.005502	0.547668
0.005503	0.546606
0.005504	0.545523
0.005505	0.544415
0.005506	0.543287
0.005507	0.542133
0.005508	0.540963
0.005509	0.539766
0.00551	0.538542
0.005511	0.537308
0.005512	0.536067
0.005513	0.534798
0.005514	0.533522
0.005515	0.532219
0.005516	0.530911
0.005517	0.529578
0.005518	0.528239
0.005519	0.526877
0.00552	0.52551
0.005521	0.524118
0.005522	0.522723
0.005523	0.521304
0.005524	0.519882
0.005525	0.518437
0.005526	0.516988
0.005527	0.515516
0.005528	0.514042
0.005529	0.512546
0.00553	0.511048
0.005531	0.509528
0.005532	0.508007
0.005533	0.506464
0.005534	0.504922
0.005535	0.503359
0.005536	0.501795
0.005537	0.500213
0.005538	0.498631
0.005539	0.497029
0.00554	0.495429
0.005541	0.493809
0.005542	0.49219
0.005543	0.490552
0.005544	0.488914
0.005545	0.487259
0.005546	0.485603
0.005547	0.48393
0.005548	0.482256
0.005549	0.480571
0.00555	0.478877
0.005551	0.477173
0.005552	0.475463
0.005553	0.473741
0.005554	0.472016
0.005555	0.470278
0.005556	0.468537
0.005557	0.466784
0.005558	0.465028
0.005559	0.46326
0.00556	0.46149
0.005561	0.459708
0.005562	0.457922
0.005563	0.456128
0.005564	0.454328
0.005565	0.45252
0.005566	0.450707
0.005567	0.448885
0.005568	0.44706
0.005569	0.445223
0.00557	0.443384
0.005571	0.441535
0.005572	0.439681
0.005573	0.437819
0.005574	0.435953
0.005575	0.434076
0.005576	0.432198
0.005577	0.430311
0.005578	0.42842
0.005579	0.426518
0.00558	0.424615
0.005581	0.422703
0.005582	0.420789
0.005583	0.418865
0.005584	0.41694
0.005585	0.415005
0.005586	0.413069
0.005587	0.411123
0.005588	0.409176
0.005589	0.407219
0.00559	0.40526
0.005591	0.403293
0.005592	0.401324
0.005593	0.399346
0.005594	0.397367
0.005595	0.395377
0.005596	0.393386
0.005597	0.391386
0.005598	0.389385
0.005599	0.387375
0.0056	0.385364
0.005601	0.383345
0.005602	0.381325
0.005603	0.379297
0.005604	0.377267
0.005605	0.375229
0.005606	0.37319
0.005607	0.371143
0.005608	0.369095
0.005609	0.367038
0.00561	0.36498
0.005611	0.362913
0.005612	0.360846
0.005613	0.358769
0.005614	0.356691
0.005615	0.354606
0.005616	0.352518
0.005617	0.350423
0.005618	0.348325
0.005619	0.34622
0.00562	0.344113
0.005621	0.341998
0.005622	0.339881
0.005623	0.337756
0.005624	0.335629
0.005625	0.333494
0.005626	0.331357
0.005627	0.329211
0.005628	0.327064
0.005629	0.324907
0.00563	0.322753
0.005631	0.32058
0.005632	0.318414
0.005633	0.316233
0.005634	0.314051
0.005635	0.31186
0.005636	0.309665
0.005637	0.307462
0.005638	0.305256
0.005639	0.303037
0.00564	0.300818
0.005641	0.298584
0.005642	0.296349
0.005643	0.294102
0.005644	0.291851
0.005645	0.289587
0.005646	0.28732
0.005647	0.285038
0.005648	0.282754
0.005649	0.280454
0.00565	0.278153
0.005651	0.275832
0.005652	0.273506
0.005653	0.271164
0.005654	0.268815
0.005655	0.266451
0.005656	0.264082
0.005657	0.261691
0.005658	0.259293
0.005659	0.256871
0.00566	0.254441
0.005661	0.251992
0.005662	0.249534
0.005663	0.247056
0.005664	0.244561
0.005665	0.242045
0.005666	0.239493
0.005667	0.236932
0.005668	0.234352
0.005669	0.231747
0.00567	0.22912
0.005671	0.226466
0.005672	0.223779
0.005673	0.221066
0.005674	0.218343
0.005675	0.215569
0.005676	0.212765
0.005677	0.209919
0.005678	0.207038
0.005679	0.204112
0.00568	0.201147
0.005681	0.198132
0.005682	0.195068
0.005683	0.191945
0.005684	0.188765
0.005685	0.185595
0.005686	0.182288
0.005687	0.178965
0.005688	0.175506
0.005689	0.17195
0.00569	0.16831
0.005691	0.164556
0.005692	0.160716
0.005693	0.156742
0.005694	0.152644
0.005695	0.148398
0.005696	0.144007
0.005697	0.139436
0.005698	0.134671
0.005699	0.129701
0.0057	0.124504
0.005701	0.119046
0.005702	0.113306
0.005703	0.107236
0.005704	0.10082
0.005705	0.0940021
0.005706	0.0867765
0.005707	0.0791048
0.005708	0.0709924
0.005709	0.0624671
0.00571	0.0536397
0.005711	0.0446934
0.005712	0.0359795
0.005713	0.0279398
0.005714	0.021141
0.005715	0.0159596
0.005716	0.0124875
0.005717	0.0105819
0.005718	0.00954967
0.005719	0.00900175
0.00572	0.00866064
0.005721	0.00849065
0.005722	0.00839445
0.005723	0.0083484
0.005724	0.00832062
0.005725	0.00830694
0.005726	0.0082961
0.005727	0.00829008
0.005728	0.00828426
0.005729	0.00827844
0.00573	0.00827463
0.005731	0.00827011
0.005732	0.00826573
0.005733	0.00826138
0.005734	0.00825708
0.005735	0.00825279
0.005736	0.00824766
0.005737	0.00824343
0.005738	0.00824002
0.005739	0.00823572
0.00574	0.00823146
0.005741	0.0082272
0.005742	0.00822295
0.005743	0.0082187
0.005744	0.00821446
0.005745	0.00821022
0.005746	0.00820598
0.005747	0.00820089
0.005748	0.00819756
0.005749	0.00819243
0.00575	0.00818826
0.005751	0.00818488
0.005752	0.00818063
0.005753	0.00817555
0.005754	0.00817223
0.005755	0.00816798
0.005756	0.00816292
0.005757	0.00815961
0.005758	0.00815537
0.005759	0.00815118
0.00576	0.00814612
0.005761	0.00814283
0.005762	0.0081386
0.005763	0.00813442
0.005764	0.00813023
0.005765	0.00812519
0.005766	0.00812192
0.005767	0.00811684
0.005768	0.00811358
0.005769	0.00810937
0.00577	0.00810435
0.005771	0.00810022
0.005772	0.00809693
0.005773	0.00809274
0.005774	0.00808859
0.005775	0.00808443
0.005776	0.00808029
0.005777	0.00807614
0.005778	0.008072
0.005779	0.00806787
0.00578	0.00806374
0.005781	0.00805961
0.005782	0.00805548
0.005783	0.00805135
0.005784	0.00804723
0.005785	0.00804225
0.005786	0.00803818
0.005787	0.00803493
0.005788	0.00803079
0.005789	0.00802581
0.00579	0.00802262
0.005791	0.0080176
0.005792	0.00801443
0.005793	0.00801028
0.005794	0.0080062
0.005795	0.00800211
0.005796	0.00799802
0.005797	0.00799394
0.005798	0.00798986
0.005799	0.00798579
0.0058	0.00798084
0.005801	0.00797769
0.005802	0.00797358
0.005803	0.00796952
0.005804	0.00796545
0.005805	0.0079614
0.005806	0.00795734
0.005807	0.00795329
0.005808	0.00794924
0.005809	0.0079452
0.00581	0.00794115
0.005811	0.00793711
0.005812	0.00793308
0.005813	0.00792904
0.005814	0.00792501
0.005815	0.00792098
0.005816	0.00791696
0.005817	0.00791294
0.005818	0.00790892
0.005819	0.00790402
0.00582	0.00790005
0.005821	0.00789692
0.005822	0.00789288
0.005823	0.00788887
0.005824	0.00788487
0.005825	0.00788087
0.005826	0.00787687
0.005827	0.00787199
0.005828	0.00786893
0.005829	0.0078649
0.00583	0.00786004
0.005831	0.00785698
0.005832	0.00785296
0.005833	0.00784899
0.005834	0.00784412
0.005835	0.0078402
0.005836	0.00783712
0.005837	0.00783312
0.005838	0.00782916
0.005839	0.00782519
0.00584	0.00782035
0.005841	0.00781644
0.005842	0.00781338
0.005843	0.0078085
0.005844	0.0078055
0.005845	0.00780151
0.005846	0.00779668
0.005847	0.00779368
0.005848	0.0077897
0.005849	0.00778488
0.00585	0.00778189
0.005851	0.00777792
0.005852	0.00777311
0.005853	0.00777013
0.005854	0.00776617
0.005855	0.00776226
0.005856	0.00775835
0.005857	0.00775444
0.005858	0.00775054
0.005859	0.00774663
0.00586	0.00774274
0.005861	0.00773794
0.005862	0.00773409
0.005863	0.0077302
0.005864	0.00772632
0.005865	0.00772334
0.005866	0.00771942
0.005867	0.00771554
0.005868	0.00771166
0.005869	0.00770778
0.00587	0.00770301
0.005871	0.00770009
0.005872	0.00769527
0.005873	0.00769146
0.005874	0.0076885
0.005875	0.00768461
0.005876	0.00768076
0.005877	0.00767599
0.005878	0.0076731
0.005879	0.00766921
0.00588	0.00766537
0.005881	0.00766061
0.005882	0.00765682
0.005883	0.00765299
0.005884	0.00764917
0.005885	0.00764534
0.005886	0.00764151
0.005887	0.00763769
0.005888	0.00763387
0.005889	0.00763005
0.00589	0.00762715
0.005891	0.00762329
0.005892	0.00761949
0.005893	0.00761475
0.005894	0.00761191
0.005895	0.00760806
0.005896	0.00760428
0.005897	0.00759955
0.005898	0.0075958
0.005899	0.00759293
0.0059	0.00758819
0.005901	0.00758537
0.005902	0.00758154
0.005903	0.00757777
0.005904	0.00757398
0.005905	0.00757021
0.005906	0.00756551
0.005907	0.00756179
0.005908	0.00755895
0.005909	0.00755422
0.00591	0.00755143
0.005911	0.00754762
0.005912	0.00754387
0.005913	0.00754011
0.005914	0.00753636
0.005915	0.00753262
0.005916	0.00752887
0.005917	0.00752513
0.005918	0.00752046
0.005919	0.0075177
0.00592	0.00751392
0.005921	0.00750926
0.005922	0.00750651
0.005923	0.00750274
0.005924	0.00749809
0.005925	0.00749534
0.005926	0.00749158
0.005927	0.00748693
0.005928	0.00748419
0.005929	0.00748044
0.00593	0.00747674
0.005931	0.00747303
0.005932	0.00746933
0.005933	0.00746563
0.005934	0.00746193
0.005935	0.00745729
0.005936	0.00745365
0.005937	0.0074509
0.005938	0.00744718
0.005939	0.00744349
0.00594	0.00743981
0.005941	0.00743613
0.005942	0.00743245
0.005943	0.00742878
0.005944	0.00742511
0.005945	0.00742144
0.005946	0.00741777
0.005947	0.00741316
0.005948	0.0074105
0.005949	0.00740679
0.00595	0.0074022
0.005951	0.00739953
0.005952	0.00739584
0.005953	0.0073922
0.005954	0.00738854
0.005955	0.0073849
0.005956	0.00738126
0.005957	0.00737763
0.005958	0.00737399
0.005959	0.00737036
0.00596	0.00736673
0.005961	0.00736215
0.005962	0.00735857
0.005963	0.0073559
0.005964	0.00735225
0.005965	0.00734863
0.005966	0.00734501
0.005967	0.0073414
0.005968	0.00733779
0.005969	0.00733322
0.00597	0.00732966
0.005971	0.00732702
0.005972	0.00732339
0.005973	0.00731979
0.005974	0.00731522
0.005975	0.00731265
0.005976	0.00730804
0.005977	0.00730548
0.005978	0.00730184
0.005979	0.0072973
0.00598	0.00729473
0.005981	0.00729013
0.005982	0.00728758
0.005983	0.00728396
0.005984	0.0072804
0.005985	0.00727682
0.005986	0.00727326
0.005987	0.0072697
0.005988	0.00726614
0.005989	0.00726258
0.00599	0.00725903
0.005991	0.00725548
0.005992	0.00725193
0.005993	0.00724838
0.005994	0.00724484
0.005995	0.0072413
0.005996	0.00723776
0.005997	0.00723422
0.005998	0.00723069
0.005999	0.00722716
0.006	0.00722265
0.006001	0.00722015
0.006002	0.00721559
0.006003	0.00721213
0.006004	0.00720959
0.006005	0.00720504
0.006006	0.00720158
0.006007	0.00719904
0.006008	0.0071955
0.006009	0.00719199
0.00601	0.00718749
0.006011	0.00718502
0.006012	0.00718147
0.006013	0.00717798
0.006014	0.00717349
0.006015	0.00717005
0.006016	0.00716755
0.006017	0.00716402
0.006018	0.00716053
0.006019	0.00715704
0.00602	0.00715356
0.006021	0.00715009
0.006022	0.00714561
0.006023	0.00714219
0.006024	0.00713972
0.006025	0.00713621
0.006026	0.00713274
0.006027	0.00712927
0.006028	0.00712581
0.006029	0.00712235
0.00603	0.00711889
0.006031	0.00711544
0.006032	0.00711098
0.006033	0.00710759
0.006034	0.00710414
0.006035	0.00710171
0.006036	0.00709822
0.006037	0.00709377
0.006038	0.00709037
0.006039	0.00708795
0.00604	0.00708447
0.006041	0.00708104
0.006042	0.00707761
0.006043	0.00707317
0.006044	0.00707081
0.006045	0.00706734
0.006046	0.00706292
0.006047	0.00706056
0.006048	0.00704339
0.006049	0.0070411
0.00605	0.00703678
0.006051	0.00703345
0.006052	0.0070301
0.006053	0.00702674
0.006054	0.00702338
0.006055	0.00702107
0.006056	0.0070166
0.006057	0.00701435
0.006058	0.00700988
0.006059	0.00700659
0.00606	0.00700429
0.006061	0.00699984
0.006062	0.0069976
0.006063	0.00699314
0.006064	0.00699092
0.006065	0.00698646
0.006066	0.00698318
0.006067	0.00697984
0.006068	0.00697652
0.006069	0.00697425
0.00607	0.00696981
0.006071	0.0069676
0.006072	0.00696315
0.006073	0.00695989
0.006074	0.00695657
0.006075	0.00695326
0.006076	0.00694995
0.006077	0.00694771
0.006078	0.00694435
0.006079	0.00693997
0.00608	0.00693671
0.006081	0.00693341
0.006082	0.00693012
0.006083	0.00692682
0.006084	0.00692461
0.006085	0.00692018
0.006086	0.00691803
0.006087	0.00691468
0.006088	0.00691032
0.006089	0.00690708
0.00609	0.0069038
0.006091	0.00690161
0.006092	0.0068972
0.006093	0.00689398
0.006094	0.0068907
0.006095	0.00688744
0.006096	0.00688526
0.006097	0.00688195
0.006098	0.00687868
0.006099	0.00687542
0.0061	0.00687216
0.006101	0.0068689
0.006102	0.00686565
0.006103	0.00686131
0.006104	0.00685811
0.006105	0.00685487
0.006106	0.00685163
0.006107	0.00684949
0.006108	0.0068462
0.006109	0.00684186
0.00611	0.00683867
0.006111	0.00683654
0.006112	0.00683216
0.006113	0.00682899
0.006114	0.00682686
0.006115	0.00682249
0.006116	0.00681932
0.006117	0.00681609
0.006118	0.00681399
0.006119	0.00680961
0.00612	0.00680646
0.006121	0.00680435
0.006122	0.00679999
0.006123	0.00679683
0.006124	0.00679362
0.006125	0.00679043
0.006126	0.00678835
0.006127	0.0067851
0.006128	0.00678079
0.006129	0.00677876
0.00613	0.0067744
0.006131	0.00677127
0.006132	0.00676808
0.006133	0.00676491
0.006134	0.00676284
0.006135	0.00675849
0.006136	0.00675649
0.006137	0.00675213
0.006138	0.00674902
0.006139	0.00674584
0.00614	0.00674269
0.006141	0.00674065
0.006142	0.0067363
0.006143	0.00673433
0.006144	0.00672997
0.006145	0.00672688
0.006146	0.00672372
0.006147	0.00672057
0.006148	0.00671742
0.006149	0.00671428
0.00615	0.00671113
0.006151	0.00670913
0.006152	0.00670479
0.006153	0.00670171
0.006154	0.00669856
0.006155	0.00669658
0.006156	0.00669225
0.006157	0.00668917
0.006158	0.00668604
0.006159	0.00668292
0.00616	0.00668094
0.006161	0.00667776
0.006162	0.0066735
0.006163	0.00667043
0.006164	0.00666846
0.006165	0.0066653
0.006166	0.00666219
0.006167	0.00665907
0.006168	0.00665482
0.006169	0.00665177
0.00617	0.00664867
0.006171	0.00664673
0.006172	0.00664242
0.006173	0.00663938
0.006174	0.00663628
0.006175	0.00663436
0.006176	0.00663121
0.006177	0.00662696
0.006178	0.00662393
0.006179	0.00662084
0.00618	0.00661777
0.006181	0.00661469
0.006182	0.00661162
0.006183	0.00660971
0.006184	0.00660658
0.006185	0.00660234
0.006186	0.00660049
0.006187	0.00659737
0.006188	0.00659431
0.006189	0.00659007
0.00619	0.00658824
0.006191	0.00658395
0.006192	0.00658096
0.006193	0.00657908
0.006194	0.0065748
0.006195	0.00657181
0.006196	0.00656993
0.006197	0.00656566
0.006198	0.00656386
0.006199	0.00655957
0.0062	0.0065566
0.006201	0.00655473
0.006202	0.00655047
0.006203	0.00654749
0.006204	0.00654445
0.006205	0.00654143
0.006206	0.00653841
0.006207	0.00653538
0.006208	0.00653236
0.006209	0.00652934
0.00621	0.00652632
0.006211	0.0065245
0.006212	0.00652143
0.006213	0.00651722
0.006214	0.00651426
0.006215	0.00651126
0.006216	0.00650946
0.006217	0.0065052
0.006218	0.00650225
0.006219	0.00650045
0.00622	0.0064962
0.006221	0.00649326
0.006222	0.00649146
0.006223	0.00648722
0.006224	0.00648549
0.006225	0.00648123
0.006226	0.00647832
0.006227	0.00647532
0.006228	0.00647356
0.006229	0.00647052
0.00623	0.00646634
0.006231	0.00646341
0.006232	0.00646044
0.006233	0.00645748
0.006234	0.00645451
0.006235	0.00645154
0.006236	0.00644979
0.006237	0.00644677
0.006238	0.00644259
0.006239	0.00643968
0.00624	0.00643673
0.006241	0.006435
0.006242	0.00643077
0.006243	0.00642788
0.006244	0.00642492
0.006245	0.00642198
0.006246	0.00642026
0.006247	0.00641603
0.006248	0.00641438
0.006249	0.00641014
0.00625	0.00640728
0.006251	0.00640556
0.006252	0.00659962
0.006253	0.00639816
0.006254	0.00643588
0.006255	0.00639118
0.006256	0.00638716
0.006257	0.00638508
0.006258	0.00637113
0.006259	0.0063805
0.00626	0.00636294
0.006261	0.00637464
0.006262	0.00635655
0.006263	0.00636745
0.006264	0.00635063
0.006265	0.00636161
0.006266	0.00634474
0.006267	0.00635578
0.006268	0.00633887
0.006269	0.00634995
0.00627	0.00633302
0.006271	0.00634548
0.006272	0.0063271
0.006273	0.00633833
0.006274	0.00632132
0.006275	0.00633253
0.006276	0.00632206
0.006277	0.00632655
0.006278	0.00630967
0.006279	0.00632092
0.00628	0.00630385
0.006281	0.0065211
0.006282	0.00629921
0.006283	0.00635756
0.006284	0.00629937
0.006285	0.00630241
0.006286	0.00628704
0.006287	0.00628686
0.006288	0.0062878
0.006289	0.00627874
0.00629	0.00627543
0.006291	0.0062792
0.006292	0.00627602
0.006293	0.00626658
0.006294	0.00627039
0.006295	0.00626076
0.006296	0.00625807
0.006297	0.00626172
0.006298	0.00625868
0.006299	0.00625579
0.0063	0.00624633
0.006301	0.00624364
0.006302	0.00624076
0.006303	0.00623791
0.006304	0.00624159
0.006305	0.00623199
0.006306	0.0062293
0.006307	0.00622641
0.006308	0.00622357
0.006309	0.00622071
0.00631	0.0062244
0.006311	0.0062148
0.006312	0.00621868
0.006313	0.00621561
0.006314	0.00621278
0.006315	0.00620336
0.006316	0.00620723
0.006317	0.00619766
0.006318	0.00619502
0.006319	0.00619869
0.00632	0.00618915
0.006321	0.00619303
0.006322	0.00618998
0.006323	0.00618064
0.006324	0.00617796
0.006325	0.00617513
0.006326	0.00617232
0.006327	0.00617602
0.006328	0.00617301
0.006329	0.00617018
0.00633	0.0061608
0.006331	0.00615816
0.006332	0.00616186
0.006333	0.00615236
0.006334	0.00614973
0.006335	0.00615341
0.006336	0.00614392
0.006337	0.00614129
0.006338	0.00614498
0.006339	0.00614201
0.00634	0.00613268
0.006341	0.00613004
0.006342	0.00613375
0.006343	0.00613079
0.006344	0.00612148
0.006345	0.00611884
0.006346	0.00611605
0.006347	0.00611328
0.006348	0.00611699
0.006349	0.00610751
0.00635	0.00610491
0.006351	0.0061021
0.006352	0.00609934
0.006353	0.00609655
0.006354	0.00609378
0.006355	0.0060975
0.006356	0.00609454
0.006357	0.00608526
0.006358	0.00608265
0.006359	0.00607987
0.00636	0.00607713
0.006361	0.00607436
0.006362	0.00607159
0.006363	0.00606883
0.006364	0.00606607
0.006365	0.00606331
0.006366	0.00606055
0.006367	0.00606428
0.006368	0.00605485
0.006369	0.00605228
0.00637	0.0060495
0.006371	0.00604678
0.006372	0.00604402
0.006373	0.00604128
0.006374	0.00603853
0.006375	0.00604227
0.006376	0.00603287
0.006377	0.00603031
0.006378	0.00602755
0.006379	0.00602484
0.00638	0.00602857
0.006381	0.00602566
0.006382	0.00601645
0.006383	0.00602036
0.006384	0.00601097
0.006385	0.00601492
0.006386	0.00601199
0.006387	0.00600929
0.006388	0.00600008
0.006389	0.00599754
0.00639	0.00600129
0.006391	0.00599195
0.006392	0.00598942
0.006393	0.00599315
0.006394	0.00599028
0.006395	0.00598111
0.006396	0.00597856
0.006397	0.00598231
0.006398	0.00597299
0.006399	0.00597047
0.0064	0.00597421
0.006401	0.00597135
0.006402	0.00596865
0.006403	0.00595948
0.006404	0.00596342
0.006405	0.00596054
0.006406	0.00595143
0.006407	0.00594889
0.006408	0.00594621
0.006409	0.00594355
0.00641	0.00594731
0.006411	0.00593801
0.006412	0.00593551
0.006413	0.00593281
0.006414	0.0059366
0.006415	0.00593374
0.006416	0.00592463
0.006417	0.00592211
0.006418	0.00591945
0.006419	0.0059168
0.00642	0.00591413
0.006421	0.00591147
0.006422	0.00590881
0.006423	0.00590615
0.006424	0.00590349
0.006425	0.00590727
0.006426	0.00590443
0.006427	0.00589535
0.006428	0.00589285
0.006429	0.00589663
0.00643	0.00589382
0.006431	0.00588474
0.006432	0.00588226
0.006433	0.00588604
0.006434	0.00587681
0.006435	0.00587435
0.006436	0.00587812
0.006437	0.0058689
0.006438	0.00587286
0.006439	0.00587003
0.00644	0.005861
0.006441	0.00585852
0.006442	0.0058559
0.006443	0.00585329
0.006444	0.00585067
0.006445	0.00584805
0.006446	0.00585184
0.006447	0.00584904
0.006448	0.00584001
0.006449	0.00583754
0.00645	0.00583493
0.006451	0.00583234
0.006452	0.00582972
0.006453	0.00583352
0.006454	0.00583073
0.006455	0.00582813
0.006456	0.00581909
0.006457	0.00582307
0.006458	0.00581388
0.006459	0.00581789
0.00646	0.00581508
0.006461	0.00580611
0.006462	0.00580367
0.006463	0.00580748
0.006464	0.00579833
0.006465	0.00580231
0.006466	0.00579313
0.006467	0.00579074
0.006468	0.00578813
0.006469	0.00578558
0.00647	0.00578299
0.006471	0.00578041
0.006472	0.00577783
0.006473	0.00577526
0.006474	0.00577268
0.006475	0.00577011
0.006476	0.00576753
0.006477	0.00576496
0.006478	0.00576239
0.006479	0.00575982
0.00648	0.00576364
0.006481	0.0057609
0.006482	0.00575195
0.006483	0.00574955
0.006484	0.00575336
0.006485	0.00575065
0.006486	0.00574171
0.006487	0.00573932
0.006488	0.00573676
0.006489	0.00573423
0.00649	0.00573168
0.006491	0.00572914
0.006492	0.00572659
0.006493	0.00572404
0.006494	0.0057215
0.006495	0.00571896
0.006496	0.00571642
0.006497	0.00572025
0.006498	0.00571753
0.006499	0.00570863
0.0065	0.00570625
0.006501	0.00571008
0.006502	0.00570739
0.006503	0.0056985
0.006504	0.00569613
0.006505	0.0056936
0.006506	0.0056911
0.006507	0.00568858
0.006508	0.00569241
0.006509	0.00568336
0.00651	0.00568737
0.006511	0.00568466
0.006512	0.00567581
0.006513	0.0056798
0.006514	0.00567076
0.006515	0.00566845
0.006516	0.00566592
0.006517	0.00566343
0.006518	0.00566093
0.006519	0.00565843
0.00652	0.00565592
0.006521	0.00565977
0.006522	0.00565075
0.006523	0.00564842
0.006524	0.0056459
0.006525	0.00564343
0.006526	0.00564094
0.006527	0.00563845
0.006528	0.0056423
0.006529	0.00559574
0.00653	0.0055947
0.006531	0.00559213
0.006532	0.00558982
0.006533	0.00563121
0.006534	0.00558345
0.006535	0.00558247
0.006536	0.00557977
0.006537	0.00557747
0.006538	0.00557497
0.006539	0.00557253
0.00654	0.00557005
0.006541	0.00556029
0.006542	0.00556533
0.006543	0.00555536
0.006544	0.00556043
0.006545	0.00555774
0.006546	0.00554801
0.006547	0.00554573
0.006548	0.00555058
0.006549	0.00554795
0.00655	0.0055455
0.006551	0.00554302
0.006552	0.00553327
0.006553	0.00553102
0.006554	0.00553588
0.006555	0.00553326
0.006556	0.00552351
0.006557	0.00552125
0.006558	0.00552611
0.006559	0.0055235
0.00656	0.00552106
0.006561	0.00551861
0.006562	0.00551617
0.006563	0.00551374
0.006564	0.00551131
0.006565	0.00550888
0.006566	0.00550645
0.006567	0.00550403
0.006568	0.0055016
0.006569	0.00549187
0.00657	0.00548965
0.006571	0.00549454
0.006572	0.00549195
0.006573	0.00548223
0.006574	0.00547999
0.006575	0.00548488
0.006576	0.00548229
0.006577	0.00547988
0.006578	0.00547745
0.006579	0.00547504
0.00658	0.00547263
0.006581	0.00547023
0.006582	0.00546783
0.006583	0.00546543
0.006584	0.00546303
0.006585	0.00546063
0.006586	0.00545823
0.006587	0.00545584
0.006588	0.00545344
0.006589	0.00544374
0.00659	0.00544886
0.006591	0.00543897
0.006592	0.00544411
0.006593	0.0054415
0.006594	0.00543184
0.006595	0.00543693
0.006596	0.00543435
0.006597	0.00542469
0.006598	0.00542979
0.006599	0.00541991
0.0066	0.00541776
0.006601	0.00542267
0.006602	0.00542012
0.006603	0.00541775
0.006604	0.00541536
0.006605	0.00541299
0.006606	0.00541062
0.006607	0.00540094
0.006608	0.00539878
0.006609	0.00540373
0.00661	0.00540119
0.006611	0.00539883
0.006612	0.00539645
0.006613	0.00538679
0.006614	0.00539194
0.006615	0.00538208
0.006616	0.00538726
0.006617	0.00537737
0.006618	0.00537525
0.006619	0.00537288
0.00662	0.00537787
0.006621	0.00537532
0.006622	0.00537298
0.006623	0.00537062
0.006624	0.00536097
0.006625	0.00535882
0.006626	0.0053638
0.006627	0.00536129
0.006628	0.00535164
0.006629	0.0053568
0.00663	0.00535427
0.006631	0.00534465
0.006632	0.00534981
0.006633	0.00534728
0.006634	0.00534498
0.006635	0.00533532
0.006636	0.00534051
0.006637	0.00533067
0.006638	0.00532858
0.006639	0.00533355
0.00664	0.00532375
0.006641	0.00532894
0.006642	0.00532641
0.006643	0.00531681
0.006644	0.00531467
0.006645	0.00531967
0.006646	0.00531719
0.006647	0.00531488
0.006648	0.00531255
0.006649	0.00530294
0.00665	0.00530083
0.006651	0.00529853
0.006652	0.00530357
0.006653	0.00529376
0.006654	0.00529898
0.006655	0.00528914
0.006656	0.00529439
0.006657	0.00529187
0.006658	0.00528961
0.006659	0.00528729
0.00666	0.00527769
0.006661	0.00528291
0.006662	0.00528043
0.006663	0.00527817
0.006664	0.00527586
0.006665	0.00527358
0.006666	0.00526398
0.006667	0.00526922
0.006668	0.00525943
0.006669	0.00525738
0.00667	0.00526239
0.006671	0.00525264
0.006672	0.00525788
0.006673	0.00525539
0.006674	0.00525314
0.006675	0.00525085
0.006676	0.00524859
0.006677	0.005239
0.006678	0.00524425
0.006679	0.00524179
0.00668	0.00523956
0.006681	0.00522996
0.006682	0.0052279
0.006683	0.00523296
0.006684	0.00523053
0.006685	0.00522828
0.006686	0.00522601
0.006687	0.00522376
0.006688	0.00522151
0.006689	0.00521926
0.00669	0.00521701
0.006691	0.00521477
0.006692	0.00521252
0.006693	0.00521028
0.006694	0.00520804
0.006695	0.00519848
0.006696	0.00520376
0.006697	0.00520133
0.006698	0.0051918
0.006699	0.00518974
0.0067	0.00518751
0.006701	0.00519262
0.006702	0.00519019
0.006703	0.00518797
0.006704	0.00518571
0.006705	0.00518349
0.006706	0.00518126
0.006707	0.00517904
0.006708	0.00517682
0.006709	0.0051746
0.00671	0.00517238
0.006711	0.00516284
0.006712	0.00516082
0.006713	0.00516593
0.006714	0.00516354
0.006715	0.00515401
0.006716	0.00515198
0.006717	0.00515709
0.006718	0.0051547
0.006719	0.0051525
0.00672	0.00515027
0.006721	0.00514075
0.006722	0.00514606
0.006723	0.00513634
0.006724	0.00514168
0.006725	0.00513194
0.006726	0.00513729
0.006727	0.00513487
0.006728	0.0051327
0.006729	0.00513048
0.00673	0.00512829
0.006731	0.0051261
0.006732	0.00512391
0.006733	0.00512172
0.006734	0.00511954
0.006735	0.00511003
0.006736	0.00511537
0.006737	0.00510566
0.006738	0.00511103
0.006739	0.00510863
0.00674	0.00510647
0.006741	0.00510427
0.006742	0.00509477
0.006743	0.00510012
0.006744	0.00509775
0.006745	0.00508828
0.006746	0.0050936
0.006747	0.00508391
0.006748	0.00508929
0.006749	0.0050869
0.00675	0.00508476
0.006751	0.00508257
0.006752	0.00508041
0.006753	0.00507825
0.006754	0.00507609
0.006755	0.00507393
0.006756	0.00507177
0.006757	0.00506229
0.006758	0.00506766
0.006759	0.00505798
0.00676	0.00506338
0.006761	0.00505368
0.006762	0.00505908
0.006763	0.00505671
0.006764	0.00505459
0.006765	0.00505242
0.006766	0.00504295
0.006767	0.005041
0.006768	0.00504619
0.006769	0.00504387
0.00677	0.00503441
0.006771	0.00503244
0.006772	0.00503763
0.006773	0.00503532
0.006774	0.00503319
0.006775	0.00503104
0.006776	0.0050289
0.006777	0.00502677
0.006778	0.00502464
0.006779	0.00502252
0.00678	0.00502039
0.006781	0.00501826
0.006782	0.00500881
0.006783	0.00501421
0.006784	0.00500457
0.006785	0.00501
0.006786	0.00500766
0.006787	0.00499824
0.006788	0.00500362
0.006789	0.00500131
0.00679	0.00499922
0.006791	0.00499709
0.006792	0.00499498
0.006793	0.00499287
0.006794	0.00499076
0.006795	0.00498865
0.006796	0.00498654
0.006797	0.00498444
0.006798	0.00498234
0.006799	0.00498023
0.0068	0.0049708
0.006801	0.0049689
0.006802	0.00497413
0.006803	0.00497186
0.006804	0.00496977
0.006805	0.00496032
0.006806	0.00496575
0.006807	0.00496346
0.006808	0.00495407
0.006809	0.00495948
0.00681	0.00494987
0.006811	0.004948
0.006812	0.00494589
0.006813	0.00494383
0.006814	0.00494174
0.006815	0.004947
0.006816	0.00493739
0.006817	0.00494284
0.006818	0.00494054
0.006819	0.00493848
0.00682	0.00493638
0.006821	0.00493431
0.006822	0.0049249
0.006823	0.00493036
0.006824	0.00492809
0.006825	0.00492605
0.006826	0.00492395
0.006827	0.00492189
0.006828	0.00491982
0.006829	0.00491043
0.00683	0.00491589
0.006831	0.0049063
0.006832	0.00491179
0.006833	0.00490951
0.006834	0.00490748
0.006835	0.0049054
0.006836	0.00490334
0.006837	0.00489395
0.006838	0.00489943
0.006839	0.00488985
0.00684	0.00489535
0.006841	0.00489308
0.006842	0.00489106
0.006843	0.00488898
0.006844	0.00487961
0.006845	0.00488509
0.006846	0.00488285
0.006847	0.00487349
0.006848	0.00487896
0.006849	0.00486939
0.00685	0.0048749
0.006851	0.00487265
0.006852	0.0048633
0.006853	0.00486877
0.006854	0.00486654
0.006855	0.00486453
0.006856	0.00486248
0.006857	0.00486045
0.006858	0.00485842
0.006859	0.00484905
0.00686	0.00485456
0.006861	0.00485234
0.006862	0.00485033
0.006863	0.00484829
0.006864	0.00484627
0.006865	0.00483691
0.006866	0.00484242
0.006867	0.00483287
0.006868	0.00483841
0.006869	0.00483617
0.00687	0.00483418
0.006871	0.00483215
0.006872	0.00483014
0.006873	0.00482812
0.006874	0.00482611
0.006875	0.0048241
0.006876	0.0048221
0.006877	0.00482009
0.006878	0.00481808
0.006879	0.00481608
0.00688	0.00481408
0.006881	0.00481207
0.006882	0.00480274
0.006883	0.00480827
0.006884	0.00479874
0.006885	0.00479696
0.006886	0.00479494
0.006887	0.00480031
0.006888	0.00479812
0.006889	0.00479613
0.00689	0.00479411
0.006891	0.00478479
0.006892	0.00478299
0.006893	0.00478834
0.006894	0.00478618
0.006895	0.00477686
0.006896	0.00477505
0.006897	0.0047804
0.006898	0.00477825
0.006899	0.00477627
0.0069	0.00477427
0.006901	0.00477229
0.006902	0.00477031
0.006903	0.00476833
0.006904	0.00476636
0.006905	0.00476438
0.006906	0.00476241
0.006907	0.00476044
0.006908	0.00475847
0.006909	0.0047565
0.00691	0.00475453
0.006911	0.00475257
0.006912	0.00474326
0.006913	0.00474883
0.006914	0.00473933
0.006915	0.00473759
0.006916	0.00474294
0.006917	0.00474081
0.006918	0.00473885
0.006919	0.00472954
0.00692	0.00473511
0.006921	0.00473296
0.006922	0.00473103
0.006923	0.00472171
0.006924	0.0047273
0.006925	0.00472515
0.006926	0.00472322
0.006927	0.00472125
0.006928	0.00471931
0.006929	0.00471002
0.00693	0.00470827
0.006931	0.00471366
0.006932	0.00471155
0.006933	0.00470961
0.006934	0.00470765
0.006935	0.00469837
0.006936	0.00470396
0.006937	0.00469449
0.006938	0.00470011
0.006939	0.00469796
0.00694	0.00469605
0.006941	0.00469409
0.006942	0.00468482
0.006943	0.00469043
0.006944	0.00468096
0.006945	0.00467925
0.006946	0.00468464
0.006947	0.00468255
0.006948	0.00467328
0.006949	0.00467153
0.00695	0.00467695
0.006951	0.00466751
0.006952	0.00467313
0.006953	0.00467099
0.006954	0.0046691
0.006955	0.00466716
0.006956	0.00466524
0.006957	0.00466333
0.006958	0.00466141
0.006959	0.00465216
0.00696	0.00465778
0.006961	0.00465568
0.006962	0.00464645
0.006963	0.00465205
0.006964	0.00464996
0.006965	0.00464073
0.006966	0.00463899
0.006967	0.00464444
0.006968	0.00463502
0.006969	0.00464065
0.00697	0.00463854
0.006971	0.00463666
0.006972	0.00463474
0.006973	0.00463284
0.006974	0.00463095
0.006975	0.00462171
0.006976	0.00462735
0.006977	0.00462527
0.006978	0.0046234
0.006979	0.00462148
0.00698	0.0046196
0.006981	0.00461771
0.006982	0.00461582
0.006983	0.00461393
0.006984	0.0046047
0.006985	0.00461036
0.006986	0.00460828
0.006987	0.00459908
0.006988	0.00460471
0.006989	0.00460264
0.00699	0.00460078
0.006991	0.00459154
0.006992	0.0045972
0.006993	0.00459513
0.006994	0.00459328
0.006995	0.00458404
0.006996	0.00458236
0.006997	0.00458784
0.006998	0.0045858
0.006999	0.00457658
