1e-05	0.00138715
2e-05	0.00269987
3e-05	0.00405189
4e-05	0.0054059
5e-05	0.00674282
6e-05	0.00809953
7e-05	0.00944113
8e-05	0.010783
9e-05	0.0121359
0.0001	0.0134822
0.00011	0.0148152
0.00012	0.016161
0.00013	0.0175115
0.00014	0.0188537
0.00015	0.0202048
0.00016	0.0215475
0.00017	0.0229005
0.00018	0.0242442
0.00019	0.0255893
0.0002	0.0269368
0.00021	0.0282835
0.00022	0.0296323
0.00023	0.0309779
0.00024	0.0323244
0.00025	0.0336671
0.00026	0.0350133
0.00027	0.0363581
0.00028	0.0377047
0.00029	0.0390512
0.0003	0.0403976
0.00031	0.0417464
0.00032	0.0430927
0.00033	0.0444391
0.00034	0.045786
0.00035	0.0471378
0.00036	0.0484842
0.00037	0.0498315
0.00038	0.051178
0.00039	0.0525244
0.0004	0.0538709
0.00041	0.0552171
0.00042	0.0565621
0.00043	0.0579075
0.00044	0.0592535
0.00045	0.0605996
0.00046	0.061943
0.00047	0.0632892
0.00048	0.0646352
0.00049	0.0659812
0.0005	0.0673272
0.00051	0.0686732
0.00052	0.0700192
0.00053	0.0713653
0.00054	0.0727111
0.00055	0.0740527
0.00056	0.0753986
0.00057	0.0767443
0.00058	0.07809
0.00059	0.0794356
0.0006	0.0807821
0.00061	0.082127
0.00062	0.0834727
0.00063	0.0848184
0.00064	0.0861636
0.00065	0.0875091
0.00066	0.0888544
0.00067	0.0902001
0.00068	0.0915416
0.00069	0.0928868
0.0007	0.0942321
0.00071	0.0955772
0.00072	0.096922
0.00073	0.0982673
0.00074	0.0996119
0.00075	0.100957
0.00076	0.102302
0.00077	0.103647
0.00078	0.104991
0.00079	0.106336
0.0008	0.10768
0.00081	0.109025
0.00082	0.11037
0.00083	0.111714
0.00084	0.113058
0.00085	0.114411
0.00086	0.115754
0.00087	0.1171
0.00088	0.118442
0.00089	0.119787
0.0009	0.121133
0.00091	0.122475
0.00092	0.123819
0.00093	0.125164
0.00094	0.126507
0.00095	0.127852
0.00096	0.129195
0.00097	0.130536
0.00098	0.13188
0.00099	0.133225
0.001	0.134567
0.00101	0.135922
0.00102	0.137255
0.00103	0.138608
0.00104	0.139951
0.00105	0.141294
0.00106	0.142626
0.00107	0.14398
0.00108	0.145323
0.00109	0.146665
0.0011	0.148008
0.00111	0.14935
0.00112	0.150693
0.00113	0.152035
0.00114	0.153377
0.00115	0.154719
0.00116	0.156062
0.00117	0.157404
0.00118	0.158745
0.00119	0.160087
0.0012	0.161429
0.00121	0.162771
0.00122	0.164112
0.00123	0.165454
0.00124	0.166795
0.00125	0.168136
0.00126	0.169478
0.00127	0.170819
0.00128	0.17216
0.00129	0.173501
0.0013	0.174841
0.00131	0.176182
0.00132	0.177523
0.00133	0.178863
0.00134	0.180204
0.00135	0.181544
0.00136	0.182884
0.00137	0.184224
0.00138	0.185564
0.00139	0.186904
0.0014	0.188244
0.00141	0.189584
0.00142	0.190923
0.00143	0.192263
0.00144	0.193602
0.00145	0.194942
0.00146	0.196281
0.00147	0.19762
0.00148	0.198959
0.00149	0.200298
0.0015	0.201636
0.00151	0.202975
0.00152	0.204313
0.00153	0.205652
0.00154	0.20699
0.00155	0.208328
0.00156	0.209666
0.00157	0.211004
0.00158	0.212342
0.00159	0.21368
0.0016	0.21501
0.00161	0.216355
0.00162	0.217692
0.00163	0.219029
0.00164	0.220366
0.00165	0.221703
0.00166	0.22304
0.00167	0.224376
0.00168	0.225713
0.00169	0.227042
0.0017	0.228378
0.00171	0.229714
0.00172	0.23105
0.00173	0.232393
0.00174	0.233729
0.00175	0.235065
0.00176	0.2364
0.00177	0.237736
0.00178	0.239071
0.00179	0.240398
0.0018	0.241741
0.00181	0.243075
0.00182	0.244403
0.00183	0.245745
0.00184	0.247079
0.00185	0.248413
0.00186	0.249747
0.00187	0.251073
0.00188	0.252407
0.00189	0.253741
0.0019	0.255082
0.00191	0.256407
0.00192	0.25774
0.00193	0.259081
0.00194	0.260406
0.00195	0.261739
0.00196	0.263071
0.00197	0.264403
0.00198	0.265744
0.00199	0.267076
0.002	0.268407
0.00201	0.269731
0.00202	0.271063
0.00203	0.272394
0.00204	0.273725
0.00205	0.275065
0.00206	0.276396
0.00207	0.277726
0.00208	0.279057
0.00209	0.280387
0.0021	0.281718
0.00211	0.283039
0.00212	0.284377
0.00213	0.285707
0.00214	0.287028
0.00215	0.288358
0.00216	0.289686
0.00217	0.291015
0.00218	0.292344
0.00219	0.293682
0.0022	0.295001
0.00221	0.296338
0.00222	0.297666
0.00223	0.298994
0.00224	0.300322
0.00225	0.301641
0.00226	0.302977
0.00227	0.304304
0.00228	0.305622
0.00229	0.306949
0.0023	0.308275
0.00231	0.309602
0.00232	0.310937
0.00233	0.312253
0.00234	0.31358
0.00235	0.314914
0.00236	0.31624
0.00237	0.317565
0.00238	0.318881
0.00239	0.320215
0.0024	0.321539
0.00241	0.322854
0.00242	0.324188
0.00243	0.325502
0.00244	0.326826
0.00245	0.328149
0.00246	0.329482
0.00247	0.330795
0.00248	0.332118
0.00249	0.333441
0.0025	0.334773
0.00251	0.336095
0.00252	0.337407
0.00253	0.33873
0.00254	0.340051
0.00255	0.341372
0.00256	0.342693
0.00257	0.344024
0.00258	0.345335
0.00259	0.346655
0.0026	0.347975
0.00261	0.349295
0.00262	0.350615
0.00263	0.351934
0.00264	0.353253
0.00265	0.354572
0.00266	0.355891
0.00267	0.357209
0.00268	0.358527
0.00269	0.359845
0.0027	0.361164
0.00271	0.36248
0.00272	0.363798
0.00273	0.365114
0.00274	0.36643
0.00275	0.367748
0.00276	0.369065
0.00277	0.37038
0.00278	0.371695
0.00279	0.373012
0.0028	0.374327
0.00281	0.375641
0.00282	0.376957
0.00283	0.378271
0.00284	0.379586
0.00285	0.380899
0.00286	0.382213
0.00287	0.383525
0.00288	0.384839
0.00289	0.386151
0.0029	0.387455
0.00291	0.388767
0.00292	0.390088
0.00293	0.3914
0.00294	0.392702
0.00295	0.394022
0.00296	0.395324
0.00297	0.396635
0.00298	0.397953
0.00299	0.399255
0.003	0.400564
0.00301	0.401873
0.00302	0.403182
0.00303	0.404491
0.00304	0.405799
0.00305	0.407107
0.00306	0.408415
0.00307	0.409723
0.00308	0.41103
0.00309	0.412337
0.0031	0.413643
0.00311	0.41495
0.00312	0.416256
0.00313	0.417561
0.00314	0.418867
0.00315	0.420172
0.00316	0.421476
0.00317	0.422781
0.00318	0.424085
0.00319	0.425388
0.0032	0.426692
0.00321	0.427995
0.00322	0.429297
0.00323	0.4306
0.00324	0.431902
0.00325	0.433203
0.00326	0.434505
0.00327	0.435806
0.00328	0.437106
0.00329	0.438407
0.0033	0.439706
0.00331	0.441006
0.00332	0.442305
0.00333	0.443604
0.00334	0.444903
0.00335	0.446201
0.00336	0.447498
0.00337	0.448796
0.00338	0.450093
0.00339	0.451389
0.0034	0.452686
0.00341	0.453982
0.00342	0.455277
0.00343	0.456569
0.00344	0.457866
0.00345	0.45916
0.00346	0.460455
0.00347	0.461748
0.00348	0.463042
0.00349	0.464334
0.0035	0.465627
0.00351	0.466919
0.00352	0.46821
0.00353	0.469501
0.00354	0.470792
0.00355	0.472079
0.00356	0.473371
0.00357	0.47466
0.00358	0.47595
0.00359	0.477239
0.0036	0.478524
0.00361	0.479812
0.00362	0.481098
0.00363	0.482384
0.00364	0.483671
0.00365	0.484957
0.00366	0.486242
0.00367	0.487527
0.00368	0.488811
0.00369	0.490095
0.0037	0.491379
0.00371	0.492662
0.00372	0.493945
0.00373	0.495227
0.00374	0.496509
0.00375	0.49779
0.00376	0.499071
0.00377	0.500351
0.00378	0.501631
0.00379	0.50291
0.0038	0.504189
0.00381	0.505467
0.00382	0.506745
0.00383	0.508022
0.00384	0.509299
0.00385	0.510575
0.00386	0.511851
0.00387	0.513126
0.00388	0.5144
0.00389	0.515674
0.0039	0.516948
0.00391	0.51822
0.00392	0.519493
0.00393	0.520765
0.00394	0.522036
0.00395	0.523307
0.00396	0.524577
0.00397	0.525847
0.00398	0.527116
0.00399	0.528384
0.004	0.529652
0.00401	0.530919
0.00402	0.532186
0.00403	0.533452
0.00404	0.534718
0.00405	0.535982
0.00406	0.537246
0.00407	0.53851
0.00408	0.539773
0.00409	0.541035
0.0041	0.542297
0.00411	0.543558
0.00412	0.544818
0.00413	0.546097
0.00414	0.547355
0.00415	0.548613
0.00416	0.549851
0.00417	0.551129
0.00418	0.552386
0.00419	0.55364
0.0042	0.554897
0.00421	0.556149
0.00422	0.557405
0.00423	0.558658
0.00424	0.559908
0.00425	0.56116
0.00426	0.56241
0.00427	0.56366
0.00428	0.564909
0.00429	0.566155
0.0043	0.567403
0.00431	0.56865
0.00432	0.569895
0.00433	0.57114
0.00434	0.572383
0.00435	0.573627
0.00436	0.574869
0.00437	0.576114
0.00438	0.57735
0.00439	0.578591
0.0044	0.579834
0.00441	0.581069
0.00442	0.582307
0.00443	0.583543
0.00444	0.584776
0.00445	0.586011
0.00446	0.587244
0.00447	0.588476
0.00448	0.589709
0.00449	0.590942
0.0045	0.59217
0.00451	0.593398
0.00452	0.594625
0.00453	0.595849
0.00454	0.597074
0.00455	0.5983
0.00456	0.599524
0.00457	0.600748
0.00458	0.601967
0.00459	0.603185
0.0046	0.604406
0.00461	0.605619
0.00462	0.60684
0.00463	0.608051
0.00464	0.609267
0.00465	0.610477
0.00466	0.611688
0.00467	0.6129
0.00468	0.614109
0.00469	0.615317
0.0047	0.616522
0.00471	0.617725
0.00472	0.618928
0.00473	0.62013
0.00474	0.621332
0.00475	0.622529
0.00476	0.623726
0.00477	0.624923
0.00478	0.626117
0.00479	0.627306
0.0048	0.6285
0.00481	0.629687
0.00482	0.630874
0.00483	0.632057
0.00484	0.633241
0.00485	0.634424
0.00486	0.635603
0.00487	0.636782
0.00488	0.637957
0.00489	0.639133
0.0049	0.640302
0.00491	0.641473
0.00492	0.642637
0.00493	0.643804
0.00494	0.644965
0.00495	0.646125
0.00496	0.647282
0.00497	0.648436
0.00498	0.649593
0.00499	0.650742
0.005	0.651887
0.00501	0.653033
0.005011	0.653005
0.005012	0.652969
0.005013	0.652997
0.005014	0.653024
0.005015	0.65308
0.005016	0.653135
0.005017	0.653201
0.005018	0.653272
0.005019	0.653349
0.00502	0.653429
0.005021	0.653517
0.005022	0.653602
0.005023	0.653695
0.005024	0.653783
0.005025	0.653881
0.005026	0.653978
0.005027	0.654075
0.005028	0.654176
0.005029	0.654279
0.00503	0.654378
0.005031	0.654483
0.005032	0.654583
0.005033	0.654687
0.005034	0.654792
0.005035	0.654897
0.005036	0.655001
0.005037	0.655108
0.005038	0.655212
0.005039	0.655323
0.00504	0.655428
0.005041	0.655535
0.005042	0.655642
0.005043	0.655747
0.005044	0.655855
0.005045	0.655962
0.005046	0.656068
0.005047	0.656176
0.005048	0.656285
0.005049	0.656392
0.00505	0.656498
0.005051	0.656607
0.005052	0.656713
0.005053	0.65682
0.005054	0.656927
0.005055	0.657033
0.005056	0.65714
0.005057	0.657247
0.005058	0.657356
0.005059	0.657463
0.00506	0.657572
0.005061	0.657677
0.005062	0.657783
0.005063	0.65789
0.005064	0.657999
0.005065	0.658107
0.005066	0.65821
0.005067	0.658318
0.005068	0.658426
0.005069	0.658531
0.00507	0.658638
0.005071	0.658742
0.005072	0.658851
0.005073	0.658956
0.005074	0.659063
0.005075	0.659167
0.005076	0.659271
0.005077	0.659379
0.005078	0.659487
0.005079	0.65959
0.00508	0.659696
0.005081	0.659801
0.005082	0.659908
0.005083	0.660012
0.005084	0.660117
0.005085	0.660219
0.005086	0.660326
0.005087	0.66043
0.005088	0.660535
0.005089	0.660639
0.00509	0.660741
0.005091	0.660845
0.005092	0.660951
0.005093	0.661056
0.005094	0.661159
0.005095	0.661262
0.005096	0.661366
0.005097	0.661469
0.005098	0.661574
0.005099	0.661677
0.0051	0.661782
0.005101	0.661884
0.005102	0.661986
0.005103	0.662087
0.005104	0.662191
0.005105	0.662294
0.005106	0.662396
0.005107	0.662499
0.005108	0.6626
0.005109	0.662702
0.00511	0.662804
0.005111	0.662904
0.005112	0.663007
0.005113	0.663107
0.005114	0.66321
0.005115	0.663311
0.005116	0.663411
0.005117	0.663509
0.005118	0.663613
0.005119	0.663713
0.00512	0.663814
0.005121	0.663911
0.005122	0.664013
0.005123	0.66411
0.005124	0.664209
0.005125	0.664311
0.005126	0.664409
0.005127	0.664508
0.005128	0.664608
0.005129	0.664705
0.00513	0.664801
0.005131	0.664901
0.005132	0.665
0.005133	0.665097
0.005134	0.665195
0.005135	0.66529
0.005136	0.665386
0.005137	0.665485
0.005138	0.665582
0.005139	0.665677
0.00514	0.665772
0.005141	0.665866
0.005142	0.665963
0.005143	0.666059
0.005144	0.666152
0.005145	0.666248
0.005146	0.666341
0.005147	0.666433
0.005148	0.666527
0.005149	0.66662
0.00515	0.666714
0.005151	0.666806
0.005152	0.666901
0.005153	0.66699
0.005154	0.66708
0.005155	0.667172
0.005156	0.667264
0.005157	0.667352
0.005158	0.667442
0.005159	0.667531
0.00516	0.667621
0.005161	0.66771
0.005162	0.667799
0.005163	0.667885
0.005164	0.667972
0.005165	0.668057
0.005166	0.668144
0.005167	0.66823
0.005168	0.668313
0.005169	0.668398
0.00517	0.668481
0.005171	0.668562
0.005172	0.668643
0.005173	0.668723
0.005174	0.668807
0.005175	0.668883
0.005176	0.668964
0.005177	0.669041
0.005178	0.669116
0.005179	0.669192
0.00518	0.669265
0.005181	0.66934
0.005182	0.669414
0.005183	0.669482
0.005184	0.669553
0.005185	0.669619
0.005186	0.669689
0.005187	0.66975
0.005188	0.66982
0.005189	0.669879
0.00519	0.669943
0.005191	0.670001
0.005192	0.670058
0.005193	0.670113
0.005194	0.670167
0.005195	0.670216
0.005196	0.670265
0.005197	0.670315
0.005198	0.670356
0.005199	0.670398
0.0052	0.670436
0.005201	0.670474
0.005202	0.670505
0.005203	0.670535
0.005204	0.670562
0.005205	0.670586
0.005206	0.670603
0.005207	0.670622
0.005208	0.670631
0.005209	0.670641
0.00521	0.670645
0.005211	0.670643
0.005212	0.670637
0.005213	0.670625
0.005214	0.670572
0.005215	0.670593
0.005216	0.670523
0.005217	0.670535
0.005218	0.670496
0.005219	0.670458
0.00522	0.670371
0.005221	0.67036
0.005222	0.670295
0.005223	0.670196
0.005224	0.670125
0.005225	0.670047
0.005226	0.669964
0.005227	0.669875
0.005228	0.669778
0.005229	0.669677
0.00523	0.66957
0.005231	0.669458
0.005232	0.669335
0.005233	0.669211
0.005234	0.66908
0.005235	0.668941
0.005236	0.668797
0.005237	0.668648
0.005238	0.668501
0.005239	0.668343
0.00524	0.668173
0.005241	0.668003
0.005242	0.667827
0.005243	0.66765
0.005244	0.667463
0.005245	0.667277
0.005246	0.667086
0.005247	0.666892
0.005248	0.666691
0.005249	0.666493
0.00525	0.666285
0.005251	0.66608
0.005252	0.665867
0.005253	0.665653
0.005254	0.665435
0.005255	0.665216
0.005256	0.664993
0.005257	0.664765
0.005258	0.664534
0.005259	0.664303
0.00526	0.664062
0.005261	0.663824
0.005262	0.663578
0.005263	0.663333
0.005264	0.663078
0.005265	0.662828
0.005266	0.662566
0.005267	0.662306
0.005268	0.662063
0.005269	0.661796
0.00527	0.661498
0.005271	0.66125
0.005272	0.660973
0.005273	0.660693
0.005274	0.66041
0.005275	0.660104
0.005276	0.659815
0.005277	0.659551
0.005278	0.659257
0.005279	0.658962
0.00528	0.658663
0.005281	0.658364
0.005282	0.65806
0.005283	0.657754
0.005284	0.657445
0.005285	0.657133
0.005286	0.656816
0.005287	0.656499
0.005288	0.656176
0.005289	0.655853
0.00529	0.655524
0.005291	0.655195
0.005292	0.654841
0.005293	0.654505
0.005294	0.654164
0.005295	0.653828
0.005296	0.653481
0.005297	0.653136
0.005298	0.652786
0.005299	0.652416
0.0053	0.652061
0.005301	0.651709
0.005302	0.651349
0.005303	0.650991
0.005304	0.650645
0.005305	0.650281
0.005306	0.649913
0.005307	0.649543
0.005308	0.649168
0.005309	0.648792
0.00531	0.64841
0.005311	0.648028
0.005312	0.647639
0.005313	0.647285
0.005314	0.646891
0.005315	0.6465
0.005316	0.646102
0.005317	0.645705
0.005318	0.645303
0.005319	0.644901
0.00532	0.644494
0.005321	0.644085
0.005322	0.643634
0.005323	0.643223
0.005324	0.642812
0.005325	0.642397
0.005326	0.641975
0.005327	0.641576
0.005328	0.641149
0.005329	0.640697
0.00533	0.640262
0.005331	0.639834
0.005332	0.639395
0.005333	0.638957
0.005334	0.638513
0.005335	0.638104
0.005336	0.637655
0.005337	0.637219
0.005338	0.636767
0.005339	0.636311
0.00534	0.635854
0.005341	0.635394
0.005342	0.634941
0.005343	0.634473
0.005344	0.634009
0.005345	0.633537
0.005346	0.633071
0.005347	0.632598
0.005348	0.632121
0.005349	0.631642
0.00535	0.631157
0.005351	0.630676
0.005352	0.630187
0.005353	0.629695
0.005354	0.629189
0.005355	0.628708
0.005356	0.628225
0.005357	0.627719
0.005358	0.627214
0.005359	0.62672
0.00536	0.626211
0.005361	0.625702
0.005362	0.625186
0.005363	0.624696
0.005364	0.624176
0.005365	0.623649
0.005366	0.623114
0.005367	0.622617
0.005368	0.622092
0.005369	0.621557
0.00537	0.621017
0.005371	0.620483
0.005372	0.619942
0.005373	0.619437
0.005374	0.618874
0.005375	0.618344
0.005376	0.617792
0.005377	0.617256
0.005378	0.616706
0.005379	0.616171
0.00538	0.615598
0.005381	0.615059
0.005382	0.614489
0.005383	0.613935
0.005384	0.613332
0.005385	0.61277
0.005386	0.612219
0.005387	0.61162
0.005388	0.611061
0.005389	0.610491
0.00539	0.609894
0.005391	0.609323
0.005392	0.608721
0.005393	0.60815
0.005394	0.607551
0.005395	0.606966
0.005396	0.606365
0.005397	0.605779
0.005398	0.605165
0.005399	0.604573
0.0054	0.603918
0.005401	0.603326
0.005402	0.602706
0.005403	0.602103
0.005404	0.601478
0.005405	0.600874
0.005406	0.600249
0.005407	0.599636
0.005408	0.599008
0.005409	0.598383
0.00541	0.597757
0.005411	0.597145
0.005412	0.596482
0.005413	0.595851
0.005414	0.595229
0.005415	0.594568
0.005416	0.593942
0.005417	0.593277
0.005418	0.592619
0.005419	0.591979
0.00542	0.591319
0.005421	0.590676
0.005422	0.590011
0.005423	0.589366
0.005424	0.588698
0.005425	0.58804
0.005426	0.587367
0.005427	0.586699
0.005428	0.586023
0.005429	0.585348
0.00543	0.5847
0.005431	0.584023
0.005432	0.583339
0.005433	0.582662
0.005434	0.581958
0.005435	0.581275
0.005436	0.580586
0.005437	0.579899
0.005438	0.5792
0.005439	0.578498
0.00544	0.577775
0.005441	0.577074
0.005442	0.576387
0.005443	0.575665
0.005444	0.574949
0.005445	0.574243
0.005446	0.573528
0.005447	0.572818
0.005448	0.572093
0.005449	0.571374
0.00545	0.570646
0.005451	0.569927
0.005452	0.569197
0.005453	0.568472
0.005454	0.567743
0.005455	0.567011
0.005456	0.566259
0.005457	0.565524
0.005458	0.564779
0.005459	0.564041
0.00546	0.563293
0.005461	0.562551
0.005462	0.561798
0.005463	0.561051
0.005464	0.560291
0.005465	0.559547
0.005466	0.55878
0.005467	0.558021
0.005468	0.557253
0.005469	0.55649
0.00547	0.555716
0.005471	0.554953
0.005472	0.554173
0.005473	0.553403
0.005474	0.552623
0.005475	0.551842
0.005476	0.551055
0.005477	0.55027
0.005478	0.549505
0.005479	0.548718
0.00548	0.547925
0.005481	0.547135
0.005482	0.546338
0.005483	0.545543
0.005484	0.544712
0.005485	0.543932
0.005486	0.543109
0.005487	0.542302
0.005488	0.541496
0.005489	0.540685
0.00549	0.53987
0.005491	0.539055
0.005492	0.538222
0.005493	0.537402
0.005494	0.536573
0.005495	0.535751
0.005496	0.53492
0.005497	0.534095
0.005498	0.533259
0.005499	0.532428
0.0055	0.531588
0.005501	0.530751
0.005502	0.529906
0.005503	0.529066
0.005504	0.528242
0.005505	0.527396
0.005506	0.526537
0.005507	0.52569
0.005508	0.52483
0.005509	0.523975
0.00551	0.52311
0.005511	0.522252
0.005512	0.521374
0.005513	0.520511
0.005514	0.519634
0.005515	0.518764
0.005516	0.517885
0.005517	0.517013
0.005518	0.516131
0.005519	0.515255
0.00552	0.514368
0.005521	0.513487
0.005522	0.512596
0.005523	0.51171
0.005524	0.510813
0.005525	0.509922
0.005526	0.508997
0.005527	0.508098
0.005528	0.507188
0.005529	0.506284
0.00553	0.50537
0.005531	0.504465
0.005532	0.503548
0.005533	0.502642
0.005534	0.501718
0.005535	0.500799
0.005536	0.499875
0.005537	0.498956
0.005538	0.498042
0.005539	0.497123
0.00554	0.496182
0.005541	0.495247
0.005542	0.494319
0.005543	0.493383
0.005544	0.492441
0.005545	0.491503
0.005546	0.490547
0.005547	0.48961
0.005548	0.488658
0.005549	0.487714
0.00555	0.486752
0.005551	0.485807
0.005552	0.484845
0.005553	0.483892
0.005554	0.482921
0.005555	0.481965
0.005556	0.481005
0.005557	0.480033
0.005558	0.479054
0.005559	0.478071
0.00556	0.477114
0.005561	0.476119
0.005562	0.475162
0.005563	0.474157
0.005564	0.473175
0.005565	0.472186
0.005566	0.471198
0.005567	0.470213
0.005568	0.469212
0.005569	0.468223
0.00557	0.467226
0.005571	0.466232
0.005572	0.465226
0.005573	0.464228
0.005574	0.463214
0.005575	0.462257
0.005576	0.461242
0.005577	0.460237
0.005578	0.459218
0.005579	0.458208
0.00558	0.457188
0.005581	0.456172
0.005582	0.455104
0.005583	0.454077
0.005584	0.453046
0.005585	0.45202
0.005586	0.450987
0.005587	0.449968
0.005588	0.448945
0.005589	0.447906
0.00559	0.446842
0.005591	0.445817
0.005592	0.444774
0.005593	0.443726
0.005594	0.442675
0.005595	0.441627
0.005596	0.440572
0.005597	0.439519
0.005598	0.438461
0.005599	0.437406
0.0056	0.436342
0.005601	0.435241
0.005602	0.434174
0.005603	0.433105
0.005604	0.432035
0.005605	0.43097
0.005606	0.429895
0.005607	0.428829
0.005608	0.427754
0.005609	0.42667
0.00561	0.425587
0.005611	0.424517
0.005612	0.423428
0.005613	0.422337
0.005614	0.421245
0.005615	0.420156
0.005616	0.41906
0.005617	0.417967
0.005618	0.416867
0.005619	0.41577
0.00562	0.414661
0.005621	0.413561
0.005622	0.412438
0.005623	0.411334
0.005624	0.410203
0.005625	0.409091
0.005626	0.407953
0.005627	0.406856
0.005628	0.405696
0.005629	0.404587
0.00563	0.403468
0.005631	0.402352
0.005632	0.401222
0.005633	0.400136
0.005634	0.398999
0.005635	0.397865
0.005636	0.396712
0.005637	0.395598
0.005638	0.394436
0.005639	0.393323
0.00564	0.392153
0.005641	0.391023
0.005642	0.389852
0.005643	0.388713
0.005644	0.387554
0.005645	0.386412
0.005646	0.385247
0.005647	0.384103
0.005648	0.382938
0.005649	0.381788
0.00565	0.380618
0.005651	0.379489
0.005652	0.37829
0.005653	0.377151
0.005654	0.375983
0.005655	0.374813
0.005656	0.373634
0.005657	0.372468
0.005658	0.371286
0.005659	0.370118
0.00566	0.368932
0.005661	0.367762
0.005662	0.366571
0.005663	0.365397
0.005664	0.364203
0.005665	0.363024
0.005666	0.361827
0.005667	0.360645
0.005668	0.359444
0.005669	0.358257
0.00567	0.357053
0.005671	0.355863
0.005672	0.354655
0.005673	0.353461
0.005674	0.35225
0.005675	0.351053
0.005676	0.349837
0.005677	0.348636
0.005678	0.347418
0.005679	0.346214
0.00568	0.344992
0.005681	0.343783
0.005682	0.342556
0.005683	0.341334
0.005684	0.340104
0.005685	0.338889
0.005686	0.337656
0.005687	0.336436
0.005688	0.335198
0.005689	0.333976
0.00569	0.332734
0.005691	0.331507
0.005692	0.330262
0.005693	0.32904
0.005694	0.327791
0.005695	0.326557
0.005696	0.325303
0.005697	0.324065
0.005698	0.322808
0.005699	0.321567
0.0057	0.320308
0.005701	0.319061
0.005702	0.317798
0.005703	0.316549
0.005704	0.315281
0.005705	0.314028
0.005706	0.312755
0.005707	0.311497
0.005708	0.31022
0.005709	0.308958
0.00571	0.307677
0.005711	0.306411
0.005712	0.305125
0.005713	0.303856
0.005714	0.302565
0.005715	0.301291
0.005716	0.299997
0.005717	0.298719
0.005718	0.29742
0.005719	0.296135
0.00572	0.294832
0.005721	0.293543
0.005722	0.292236
0.005723	0.290941
0.005724	0.28963
0.005725	0.28833
0.005726	0.286994
0.005727	0.285716
0.005728	0.284394
0.005729	0.283085
0.00573	0.28176
0.005731	0.280446
0.005732	0.279115
0.005733	0.277797
0.005734	0.276459
0.005735	0.275133
0.005736	0.273791
0.005737	0.27246
0.005738	0.271113
0.005739	0.269775
0.00574	0.268419
0.005741	0.267077
0.005742	0.265715
0.005743	0.264366
0.005744	0.262972
0.005745	0.261616
0.005746	0.26024
0.005747	0.258877
0.005748	0.257493
0.005749	0.256122
0.00575	0.25473
0.005751	0.253351
0.005752	0.251952
0.005753	0.250564
0.005754	0.249156
0.005755	0.247759
0.005756	0.246342
0.005757	0.244942
0.005758	0.243509
0.005759	0.242097
0.00576	0.24066
0.005761	0.239236
0.005762	0.237795
0.005763	0.236358
0.005764	0.234898
0.005765	0.233442
0.005766	0.231979
0.005767	0.230531
0.005768	0.229047
0.005769	0.227573
0.00577	0.226076
0.005771	0.224589
0.005772	0.223078
0.005773	0.221576
0.005774	0.220044
0.005775	0.218527
0.005776	0.216982
0.005777	0.215448
0.005778	0.213887
0.005779	0.212334
0.00578	0.210755
0.005781	0.209182
0.005782	0.207582
0.005783	0.205987
0.005784	0.204343
0.005785	0.202752
0.005786	0.201104
0.005787	0.199458
0.005788	0.197785
0.005789	0.196115
0.00579	0.194401
0.005791	0.192714
0.005792	0.190979
0.005793	0.189325
0.005794	0.187558
0.005795	0.185784
0.005796	0.183971
0.005797	0.182141
0.005798	0.180285
0.005799	0.178401
0.0058	0.176503
0.005801	0.174567
0.005802	0.172598
0.005803	0.170614
0.005804	0.168599
0.005805	0.166547
0.005806	0.164459
0.005807	0.162332
0.005808	0.160153
0.005809	0.157944
0.00581	0.155672
0.005811	0.153368
0.005812	0.150994
0.005813	0.148564
0.005814	0.146073
0.005815	0.143504
0.005816	0.140839
0.005817	0.138093
0.005818	0.135233
0.005819	0.132272
0.00582	0.129174
0.005821	0.12593
0.005822	0.122499
0.005823	0.118881
0.005824	0.115009
0.005825	0.110867
0.005826	0.106363
0.005827	0.101452
0.005828	0.0959735
0.005829	0.0898507
0.00583	0.0828169
0.005831	0.0746415
0.005832	0.0649137
0.005833	0.0532715
0.005834	0.0394233
0.005835	0.0244529
0.005836	0.0114912
0.005837	0.00436603
0.005838	0.00208607
0.005839	0.00173948
0.00584	0.0017753
0.005841	0.00170861
0.005842	0.00169758
0.005843	0.00169074
0.005844	0.00168933
0.005845	0.00168849
0.005846	0.00168762
0.005847	0.00171731
0.005848	0.00168598
0.005849	0.00168564
0.00585	0.00168463
0.005851	0.001684
0.005852	0.00168347
0.005853	0.00168253
0.005854	0.00171236
0.005855	0.00168107
0.005856	0.00168029
0.005857	0.00167974
0.005858	0.00167891
0.005859	0.00167841
0.00586	0.00170811
0.005861	0.00170727
0.005862	0.00167603
0.005863	0.00167524
0.005864	0.0017053
0.005865	0.00167377
0.005866	0.00167342
0.005867	0.0017032
0.005868	0.00167167
0.005869	0.00167099
0.00587	0.0016705
0.005871	0.00166959
0.005872	0.00166892
0.005873	0.00166805
0.005874	0.00166746
0.005875	0.00166669
0.005876	0.00166596
0.005877	0.00166547
0.005878	0.00166458
0.005879	0.00166418
0.00588	0.00166317
0.005881	0.00166239
0.005882	0.00169274
0.005883	0.00166113
0.005884	0.0016607
0.005885	0.00165956
0.005886	0.00165884
0.005887	0.00165819
0.005888	0.0016579
0.005889	0.00165678
0.00589	0.00165609
0.005891	0.00165587
0.005892	0.0016548
0.005893	0.00165448
0.005894	0.00165325
0.005895	0.00165283
0.005896	0.00165187
0.005897	0.00165119
0.005898	0.00165037
0.005899	0.00164982
0.0059	0.00164915
0.005901	0.00164853
0.005902	0.00164774
0.005903	0.00164689
0.005904	0.00164618
0.005905	0.00164548
0.005906	0.0016448
0.005907	0.00164445
0.005908	0.00164352
0.005909	0.00164314
0.00591	0.00164201
0.005911	0.00164135
0.005912	0.00164069
0.005913	0.00164011
0.005914	0.00163928
0.005915	0.00163891
0.005916	0.00163836
0.005917	0.00163734
0.005918	0.00163656
0.005919	0.00163604
0.00592	0.00163511
0.005921	0.00163464
0.005922	0.00163431
0.005923	0.00163331
0.005924	0.00163256
0.005925	0.00163168
0.005926	0.00163191
0.005927	0.00163034
0.005928	0.00162978
0.005929	0.00162902
0.00593	0.00162822
0.005931	0.00162776
0.005932	0.00162699
0.005933	0.00162629
0.005934	0.00162585
0.005935	0.00162478
0.005936	0.00162467
0.005937	0.00162354
0.005938	0.00162397
0.005939	0.00162207
0.00594	0.00162143
0.005941	0.00162072
0.005942	0.00162069
0.005943	0.00161945
0.005944	0.00161897
0.005945	0.00161882
0.005946	0.00161757
0.005947	0.00161671
0.005948	0.00161598
0.005949	0.00161533
0.00595	0.00161538
0.005951	0.00161394
0.005952	0.00161334
0.005953	0.00161261
0.005954	0.00161256
0.005955	0.00161136
0.005956	0.00161077
0.005957	0.00161048
0.005958	0.00160969
0.005959	0.0016091
0.00596	0.00160793
0.005961	0.00160721
0.005962	0.00160667
0.005963	0.0016059
0.005964	0.00160527
0.005965	0.00160462
0.005966	0.00160442
0.005967	0.00160326
0.005968	0.00160258
0.005969	0.00160208
0.00597	0.00160134
0.005971	0.00160133
0.005972	0.00160072
0.005973	0.00159945
0.005974	0.0015986
0.005975	0.00159799
0.005976	0.00159764
0.005977	0.00159687
0.005978	0.00159593
0.005979	0.00159525
0.00598	0.00159467
0.005981	0.00159413
0.005982	0.00159332
0.005983	0.00159272
0.005984	0.00159198
0.005985	0.0015915
0.005986	0.00159069
0.005987	0.00159015
0.005988	0.00158934
0.005989	0.00158885
0.00599	0.00158827
0.005991	0.00158768
0.005992	0.00158738
0.005993	0.0015861
0.005994	0.00158541
0.005995	0.00158494
0.005996	0.0015841
0.005997	0.0015846
0.005998	0.00158297
0.005999	0.00158231
0.006	0.00158157
0.006001	0.00158086
0.006002	0.00158042
0.006003	0.00157955
0.006004	0.00157896
0.006005	0.00157831
0.006006	0.00157805
0.006007	0.00157697
0.006008	0.00157631
0.006009	0.00157567
0.00601	0.00157505
0.006011	0.00157441
0.006012	0.0015737
0.006013	0.00157379
0.006014	0.0015728
0.006015	0.00157181
0.006016	0.00157133
0.006017	0.00157138
0.006018	0.00156983
0.006019	0.00156928
0.00602	0.0015686
0.006021	0.00156792
0.006022	0.0015673
0.006023	0.00156675
0.006024	0.00156616
0.006025	0.00156568
0.006026	0.00156471
0.006027	0.00156416
0.006028	0.00156358
0.006029	0.00156279
0.00603	0.00156223
0.006031	0.00156152
0.006032	0.00156091
0.006033	0.00156035
0.006034	0.00156111
0.006035	0.00155987
0.006036	0.0015587
0.006037	0.00155786
0.006038	0.00155779
0.006039	0.00155649
0.00604	0.00155605
0.006041	0.00155535
0.006042	0.00155464
0.006043	0.00155394
0.006044	0.00155349
0.006045	0.00155283
0.006046	0.00155324
0.006047	0.0015515
0.006048	0.0015508
0.006049	0.00155049
0.00605	0.00154961
0.006051	0.00154889
0.006052	0.0015483
0.006053	0.00154765
0.006054	0.00154719
0.006055	0.00154661
0.006056	0.00154576
0.006057	0.00154517
0.006058	0.00154483
0.006059	0.00154394
0.00606	0.00154361
0.006061	0.00154278
0.006062	0.00154206
0.006063	0.00154141
0.006064	0.00154079
0.006065	0.00154017
0.006066	0.00153962
0.006067	0.00153927
0.006068	0.00153893
0.006069	0.00153769
0.00607	0.00153713
0.006071	0.00153658
0.006072	0.00153587
0.006073	0.00153603
0.006074	0.00153461
0.006075	0.00153406
0.006076	0.00153335
0.006077	0.00153292
0.006078	0.00153216
0.006079	0.00153193
0.00608	0.00153176
0.006081	0.00153034
0.006082	0.00152985
0.006083	0.00152904
0.006084	0.00152842
0.006085	0.00152784
0.006086	0.00152723
0.006087	0.00152661
0.006088	0.00152659
0.006089	0.00152537
0.00609	0.00152476
0.006091	0.00152439
0.006092	0.00152353
0.006093	0.00152361
0.006094	0.00152245
0.006095	0.00152191
0.006096	0.00152111
0.006097	0.00152074
0.006098	0.0015203
0.006099	0.00151927
0.0061	0.00151867
0.006101	0.00151817
0.006102	0.00151783
0.006103	0.00151725
0.006104	0.00151629
0.006105	0.00151595
0.006106	0.00151516
0.006107	0.00151491
0.006108	0.00151404
0.006109	0.00151328
0.00611	0.00151274
0.006111	0.00151218
0.006112	0.00151144
0.006113	0.0015117
0.006114	0.00151024
0.006115	0.00150969
0.006116	0.00150918
0.006117	0.00150843
0.006118	0.00150784
0.006119	0.00150778
0.00612	0.00150686
0.006121	0.00150603
0.006122	0.00150564
0.006123	0.00150494
0.006124	0.00150424
0.006125	0.00150364
0.006126	0.00150342
0.006127	0.00150258
0.006128	0.00150201
0.006129	0.0015016
0.00613	0.00150074
0.006131	0.00150012
0.006132	0.00150036
0.006133	0.00149896
0.006134	0.0014986
0.006135	0.00149774
0.006136	0.00149714
0.006137	0.00149652
0.006138	0.001496
0.006139	0.00149535
0.00614	0.00149529
0.006141	0.00149447
0.006142	0.00149361
0.006143	0.00149299
0.006144	0.00149245
0.006145	0.00149235
0.006146	0.00149134
0.006147	0.00149075
0.006148	0.00149019
0.006149	0.00148987
0.00615	0.00148893
0.006151	0.00148891
0.006152	0.0014881
0.006153	0.00148714
0.006154	0.00148668
0.006155	0.00148596
0.006156	0.00148543
0.006157	0.00148488
0.006158	0.00148424
0.006159	0.0014842
0.00616	0.00148312
0.006161	0.00148255
0.006162	0.00148191
0.006163	0.00148143
0.006164	0.00148074
0.006165	0.00148029
0.006166	0.00147959
0.006167	0.00147905
0.006168	0.00147845
0.006169	0.00147809
0.00617	0.00147725
0.006171	0.00147668
0.006172	0.00147613
0.006173	0.00147559
0.006174	0.00147498
0.006175	0.00147451
0.006176	0.00147397
0.006177	0.00147324
0.006178	0.00147281
0.006179	0.00147267
0.00618	0.00147232
0.006181	0.00147102
0.006182	0.00147055
0.006183	0.00147049
0.006184	0.00146959
0.006185	0.00146867
0.006186	0.00146813
0.006187	0.00146756
0.006188	0.00146709
0.006189	0.00146641
0.00619	0.00146582
0.006191	0.00146535
0.006192	0.00146476
0.006193	0.0014641
0.006194	0.00146387
0.006195	0.00146296
0.006196	0.00146239
0.006197	0.00146187
0.006198	0.00146133
0.006199	0.00146069
0.0062	0.00146057
0.006201	0.00145958
0.006202	0.00145968
0.006203	0.00145874
0.006204	0.00145819
0.006205	0.00145739
0.006206	0.00145676
0.006207	0.0014564
0.006208	0.00145584
0.006209	0.00145518
0.00621	0.00145462
0.006211	0.00145408
0.006212	0.00145337
0.006213	0.00145296
0.006214	0.00145299
0.006215	0.00145197
0.006216	0.00145119
0.006217	0.0014506
0.006218	0.00145004
0.006219	0.00145006
0.00622	0.00144933
0.006221	0.00144887
0.006222	0.00144865
0.006223	0.00144739
0.006224	0.00144729
0.006225	0.00144665
0.006226	0.00144659
0.006227	0.0014456
0.006228	0.00144448
0.006229	0.00144394
0.00623	0.00144378
0.006231	0.00144308
0.006232	0.00144232
0.006233	0.00144169
0.006234	0.0014413
0.006235	0.00144072
0.006236	0.00144022
0.006237	0.00143948
0.006238	0.0014391
0.006239	0.00143867
0.00624	0.00143783
0.006241	0.00143736
0.006242	0.0014372
0.006243	0.00143623
0.006244	0.00143575
0.006245	0.0014351
0.006246	0.00143463
0.006247	0.00143483
0.006248	0.00143344
0.006249	0.00143351
0.00625	0.00143245
0.006251	0.00143195
0.006252	0.00143134
0.006253	0.00143226
0.006254	0.00143021
0.006255	0.00143044
0.006256	0.00142912
0.006257	0.00142908
0.006258	0.00142864
0.006259	0.00142816
0.00626	0.00142808
0.006261	0.00142646
0.006262	0.00142584
0.006263	0.00142533
0.006264	0.00142483
0.006265	0.00142432
0.006266	0.00142397
0.006267	0.00142326
0.006268	0.00142295
0.006269	0.0014222
0.00627	0.00142171
0.006271	0.00142115
0.006272	0.00142043
0.006273	0.00141999
0.006274	0.00141936
0.006275	0.00141888
0.006276	0.00141897
0.006277	0.00141836
0.006278	0.00141726
0.006279	0.00141689
0.00628	0.00141616
0.006281	0.00141566
0.006282	0.0014151
0.006283	0.00141454
0.006284	0.0014141
0.006285	0.00141357
0.006286	0.00141302
0.006287	0.00141253
0.006288	0.00141278
0.006289	0.00141157
0.00629	0.00141142
0.006291	0.00141029
0.006292	0.00141003
0.006293	0.00140943
0.006294	0.00140896
0.006295	0.0014084
0.006296	0.00140772
0.006297	0.00140758
0.006298	0.00140663
0.006299	0.00140608
0.0063	0.00140552
0.006301	0.00140503
0.006302	0.00140468
0.006303	0.00140445
0.006304	0.00140351
0.006305	0.0014038
0.006306	0.00140264
0.006307	0.00140193
0.006308	0.00140133
0.006309	0.00140081
0.00631	0.00140027
0.006311	0.00139985
0.006312	0.00139924
0.006313	0.00139933
0.006314	0.00139828
0.006315	0.00139781
0.006316	0.00139733
0.006317	0.00139676
0.006318	0.00139613
0.006319	0.00139589
0.00632	0.0013951
0.006321	0.00139474
0.006322	0.00139403
0.006323	0.00139374
0.006324	0.00139299
0.006325	0.00139256
0.006326	0.00139209
0.006327	0.00139143
0.006328	0.00139107
0.006329	0.00139038
0.00633	0.00139006
0.006331	0.00138937
0.006332	0.00138918
0.006333	0.00138839
0.006334	0.00138833
0.006335	0.00138747
0.006336	0.00138683
0.006337	0.00138629
0.006338	0.00138588
0.006339	0.00138576
0.00634	0.001385
0.006341	0.00138469
0.006342	0.00138391
0.006343	0.00138324
0.006344	0.00138298
0.006345	0.00138308
0.006346	0.00138168
0.006347	0.00138158
0.006348	0.00138066
0.006349	0.00138013
0.00635	0.00138012
0.006351	0.00137911
0.006352	0.00137909
0.006353	0.00137819
0.006354	0.00137832
0.006355	0.00137718
0.006356	0.0013766
0.006357	0.00137623
0.006358	0.00137572
0.006359	0.00137511
0.00636	0.00137474
0.006361	0.00137414
0.006362	0.0013737
0.006363	0.00137303
0.006364	0.00137279
0.006365	0.00137227
0.006366	0.0013721
0.006367	0.00137105
0.006368	0.00137049
0.006369	0.00137046
0.00637	0.00136997
0.006371	0.00136986
0.006372	0.00136862
0.006373	0.00136813
0.006374	0.00136792
0.006375	0.00136706
0.006376	0.00136656
0.006377	0.00136631
0.006378	0.00136621
0.006379	0.00136502
0.00638	0.00136461
0.006381	0.00136467
0.006382	0.00136433
0.006383	0.00136337
0.006384	0.00136295
0.006385	0.00136224
0.006386	0.00136155
0.006387	0.00136117
0.006388	0.00136058
0.006389	0.00136006
0.00639	0.00136021
0.006391	0.00135911
0.006392	0.00135858
0.006393	0.00135814
0.006394	0.00135767
0.006395	0.00135722
0.006396	0.00135674
0.006397	0.00135615
0.006398	0.00135557
0.006399	0.00135521
0.0064	0.0013548
0.006401	0.00135424
0.006402	0.00135378
0.006403	0.00135309
0.006404	0.00135307
0.006405	0.00135229
0.006406	0.00135175
0.006407	0.00135113
0.006408	0.00135074
0.006409	0.0013503
0.00641	0.0013497
0.006411	0.00134946
0.006412	0.00134882
0.006413	0.0013485
0.006414	0.00134797
0.006415	0.00134721
0.006416	0.0013469
0.006417	0.00134648
0.006418	0.00134574
0.006419	0.0013454
0.00642	0.00134484
0.006421	0.00134435
0.006422	0.00134402
0.006423	0.00134341
0.006424	0.00134282
0.006425	0.00134246
0.006426	0.00134225
0.006427	0.00134145
0.006428	0.00134092
0.006429	0.00134053
0.00643	0.00133993
0.006431	0.0013396
0.006432	0.00133944
0.006433	0.0013391
0.006434	0.00133805
0.006435	0.00133757
0.006436	0.00133732
0.006437	0.0013366
0.006438	0.00133617
0.006439	0.00133567
0.00644	0.00133518
0.006441	0.00133468
0.006442	0.00133416
0.006443	0.00133374
0.006444	0.00133354
0.006445	0.00133281
0.006446	0.00133224
0.006447	0.00133198
0.006448	0.0013314
0.006449	0.00133297
0.00645	0.00133035
0.006451	0.00132992
0.006452	0.00132967
0.006453	0.00132895
0.006454	0.00132938
0.006455	0.00132796
0.006456	0.00132801
0.006457	0.00132707
0.006458	0.00132748
0.006459	0.00132654
0.00646	0.00132583
0.006461	0.00132538
0.006462	0.00132468
0.006463	0.00132437
0.006464	0.00132385
0.006465	0.00132334
0.006466	0.00132292
0.006467	0.00132259
0.006468	0.001322
0.006469	0.00132137
0.00647	0.00132122
0.006471	0.00132113
0.006472	0.0013202
0.006473	0.0013195
0.006474	0.00131907
0.006475	0.00131854
0.006476	0.00131813
0.006477	0.00131809
0.006478	0.00131725
0.006479	0.00131711
0.00648	0.00131688
0.006481	0.00131576
0.006482	0.0013159
0.006483	0.00131491
0.006484	0.00131444
0.006485	0.00131394
0.006486	0.00131346
0.006487	0.00131373
0.006488	0.0013125
0.006489	0.00131212
0.00649	0.00131154
0.006491	0.00131109
0.006492	0.00131095
0.006493	0.00131022
0.006494	0.00130976
0.006495	0.00130974
0.006496	0.00130895
0.006497	0.00130914
0.006498	0.00130784
0.006499	0.00130822
0.0065	0.00130705
0.006501	0.0013067
0.006502	0.00130639
0.006503	0.00130588
0.006504	0.00130551
0.006505	0.00130562
0.006506	0.00130427
0.006507	0.00130585
0.006508	0.00130371
0.006509	0.00130293
0.00651	0.0013026
0.006511	0.00130194
0.006512	0.00130158
0.006513	0.00130102
0.006514	0.00130059
0.006515	0.00130037
0.006516	0.00129963
0.006517	0.00129916
0.006518	0.00129871
0.006519	0.00129843
0.00652	0.00129781
0.006521	0.00129774
0.006522	0.00129706
0.006523	0.00129646
0.006524	0.00129623
0.006525	0.00129571
0.006526	0.00129572
0.006527	0.00129504
0.006528	0.0012944
0.006529	0.00129377
0.00653	0.00129361
0.006531	0.0012932
0.006532	0.00129259
0.006533	0.00129197
0.006534	0.00129151
0.006535	0.00129133
0.006536	0.00129056
0.006537	0.00129011
0.006538	0.00129012
0.006539	0.00128962
0.00654	0.00128997
0.006541	0.00128832
0.006542	0.00128817
0.006543	0.00128757
0.006544	0.0012874
0.006545	0.00128658
0.006546	0.00128619
0.006547	0.00128565
0.006548	0.00128536
0.006549	0.00128476
0.00655	0.00128446
0.006551	0.0012839
0.006552	0.00128386
0.006553	0.00128302
0.006554	0.00128269
0.006555	0.00128291
0.006556	0.00128169
0.006557	0.00128191
0.006558	0.00128097
0.006559	0.00128042
0.00656	0.00127992
0.006561	0.00127949
0.006562	0.00127899
0.006563	0.0012786
0.006564	0.00127812
0.006565	0.0012777
0.006566	0.0012774
0.006567	0.00127703
0.006568	0.00127671
0.006569	0.00127591
0.00657	0.00127563
0.006571	0.00127512
0.006572	0.00127467
0.006573	0.00127419
0.006574	0.0012742
0.006575	0.00127446
0.006576	0.00127288
0.006577	0.00127336
0.006578	0.00127206
0.006579	0.00127153
0.00658	0.00127124
0.006581	0.00127082
0.006582	0.00127023
0.006583	0.00127009
0.006584	0.00126986
0.006585	0.00126927
0.006586	0.00126847
0.006587	0.00126821
0.006588	0.00126788
0.006589	0.00126733
0.00659	0.0012668
0.006591	0.00126632
0.006592	0.00126638
0.006593	0.00126571
0.006594	0.00126502
0.006595	0.00126462
0.006596	0.00126465
0.006597	0.00126371
0.006598	0.0012633
0.006599	0.00126342
0.0066	0.00126246
0.006601	0.00126205
0.006602	0.00126198
0.006603	0.00126159
0.006604	0.00126081
0.006605	0.00126035
0.006606	0.00126043
0.006607	0.00125949
0.006608	0.00125899
0.006609	0.00125947
0.00661	0.00125813
0.006611	0.00125901
0.006612	0.00125843
0.006613	0.00125753
0.006614	0.00125817
0.006615	0.00125627
0.006616	0.00125568
0.006617	0.00125515
0.006618	0.00125479
0.006619	0.00125436
0.00662	0.0012543
0.006621	0.00125366
0.006622	0.0012541
0.006623	0.00125267
0.006624	0.00125248
0.006625	0.00125179
0.006626	0.00125141
0.006627	0.00125092
0.006628	0.00125049
0.006629	0.00125017
0.00663	0.00124973
0.006631	0.00124946
0.006632	0.0012491
0.006633	0.00124841
0.006634	0.00124802
0.006635	0.00124755
0.006636	0.00124716
0.006637	0.00124695
0.006638	0.00124679
0.006639	0.0012467
0.00664	0.00124544
0.006641	0.00124508
0.006642	0.00124461
0.006643	0.00124418
0.006644	0.00124376
0.006645	0.00124337
0.006646	0.00124295
0.006647	0.00124283
0.006648	0.00124224
0.006649	0.00124196
0.00665	0.00124133
0.006651	0.00124106
0.006652	0.00124051
0.006653	0.00124084
0.006654	0.0012397
0.006655	0.00123952
0.006656	0.00123878
0.006657	0.00123836
0.006658	0.00123816
0.006659	0.00123759
0.00666	0.00123722
0.006661	0.00123672
0.006662	0.00123642
0.006663	0.00123589
0.006664	0.0012356
0.006665	0.00123553
0.006666	0.00123463
0.006667	0.00123427
0.006668	0.00123388
0.006669	0.0012337
0.00667	0.0012331
0.006671	0.00123263
0.006672	0.00123216
0.006673	0.00123222
0.006674	0.00123177
0.006675	0.001231
0.006676	0.00123141
0.006677	0.00123014
0.006678	0.00122984
0.006679	0.00122938
0.00668	0.0012289
0.006681	0.00122854
0.006682	0.00122814
0.006683	0.0012277
0.006684	0.00122794
0.006685	0.00122758
0.006686	0.00122645
0.006687	0.00122627
0.006688	0.00122579
0.006689	0.00122528
0.00669	0.00122589
0.006691	0.0012248
0.006692	0.00122408
0.006693	0.001224
0.006694	0.00122328
0.006695	0.00122317
0.006696	0.00122241
0.006697	0.00122205
0.006698	0.00122229
0.006699	0.00122166
0.0067	0.0012212
0.006701	0.00122064
0.006702	0.00122012
0.006703	0.00121979
0.006704	0.00121921
0.006705	0.00121882
0.006706	0.00121842
0.006707	0.00121802
0.006708	0.00121761
0.006709	0.00121768
0.00671	0.00121721
0.006711	0.00121644
0.006712	0.00121645
0.006713	0.00121571
0.006714	0.00121536
0.006715	0.00121482
0.006716	0.00121444
0.006717	0.00121496
0.006718	0.00121362
0.006719	0.00121493
0.00672	0.0012129
0.006721	0.00121249
0.006722	0.00121211
0.006723	0.00121171
0.006724	0.00121126
0.006725	0.0012112
0.006726	0.00121077
0.006727	0.00121018
0.006728	0.00120968
0.006729	0.00120936
0.00673	0.00120895
0.006731	0.00120866
0.006732	0.00120825
0.006733	0.00120778
0.006734	0.00120748
0.006735	0.00120854
0.006736	0.00120651
0.006737	0.00120638
0.006738	0.00120593
0.006739	0.00120563
0.00674	0.00120545
0.006741	0.00120469
0.006742	0.00120449
0.006743	0.00120442
0.006744	0.0012034
0.006745	0.00120387
0.006746	0.00120333
0.006747	0.00120225
0.006748	0.0012025
0.006749	0.001202
0.00675	0.00120203
0.006751	0.00120086
0.006752	0.0012005
0.006753	0.00120006
0.006754	0.00119948
0.006755	0.00119964
0.006756	0.00119881
0.006757	0.00119924
0.006758	0.00119788
0.006759	0.00119787
0.00676	0.00119711
0.006761	0.00119678
0.006762	0.00119687
0.006763	0.00119596
0.006764	0.00119646
0.006765	0.00119538
0.006766	0.00119504
0.006767	0.00119455
0.006768	0.00119426
0.006769	0.0011939
0.00677	0.00119331
0.006771	0.00119319
0.006772	0.00119272
0.006773	0.0011922
0.006774	0.00119179
0.006775	0.0011915
0.006776	0.00119103
0.006777	0.00119065
0.006778	0.00119027
0.006779	0.00119064
0.00678	0.0011896
0.006781	0.00118907
0.006782	0.00118899
0.006783	0.0011883
0.006784	0.00118792
0.006785	0.00118765
0.006786	0.00118773
0.006787	0.00118683
0.006788	0.00118692
0.006789	0.0011869
0.00679	0.00118574
0.006791	0.00118531
0.006792	0.0011851
0.006793	0.0011845
0.006794	0.00118428
0.006795	0.00118379
0.006796	0.00118337
0.006797	0.00118384
0.006798	0.00118261
0.006799	0.0011823
0.0068	0.00118295
0.006801	0.00118148
0.006802	0.00118133
0.006803	0.00118072
0.006804	0.00118035
0.006805	0.00118043
0.006806	0.0011796
0.006807	0.00117999
0.006808	0.00117893
0.006809	0.00117851
0.00681	0.0011784
0.006811	0.00117772
0.006812	0.0011774
0.006813	0.00117765
0.006814	0.00117679
0.006815	0.00117638
0.006816	0.00117607
0.006817	0.00117718
0.006818	0.00117558
0.006819	0.00117485
0.00682	0.00117512
0.006821	0.00117439
0.006822	0.00117398
0.006823	0.0011733
0.006824	0.00117358
0.006825	0.00117252
0.006826	0.00117244
0.006827	0.00117192
0.006828	0.00117167
0.006829	0.00117104
0.00683	0.00117088
0.006831	0.00117042
0.006832	0.00117079
0.006833	0.00116968
0.006834	0.00116988
0.006835	0.00116893
0.006836	0.00116868
0.006837	0.00116834
0.006838	0.00116802
0.006839	0.00116763
0.00684	0.00116726
0.006841	0.00116683
0.006842	0.00116681
0.006843	0.00116651
0.006844	0.0011658
0.006845	0.00116533
0.006846	0.00116489
0.006847	0.00116442
0.006848	0.0011641
0.006849	0.00116385
0.00685	0.00116385
0.006851	0.00116402
0.006852	0.00116262
0.006853	0.00116223
0.006854	0.00116188
0.006855	0.00116153
0.006856	0.00116151
0.006857	0.00116167
0.006858	0.00116104
0.006859	0.00116016
0.00686	0.00115972
0.006861	0.00115978
0.006862	0.00115903
0.006863	0.00115866
0.006864	0.00115844
0.006865	0.00115806
0.006866	0.00115755
0.006867	0.00115808
0.006868	0.0011574
0.006869	0.00115665
0.00687	0.0011563
0.006871	0.00115598
0.006872	0.00115593
0.006873	0.00115509
0.006874	0.00115487
0.006875	0.00115471
0.006876	0.00115396
0.006877	0.0011538
0.006878	0.00115339
0.006879	0.00115293
0.00688	0.00115257
0.006881	0.00115215
0.006882	0.00115239
0.006883	0.00115148
0.006884	0.00115109
0.006885	0.00115175
0.006886	0.00115042
0.006887	0.00115014
0.006888	0.00115071
0.006889	0.00114936
0.00689	0.00114938
0.006891	0.00114877
0.006892	0.00114848
0.006893	0.00114794
0.006894	0.00114755
0.006895	0.00114727
0.006896	0.00114686
0.006897	0.00114666
0.006898	0.00114634
0.006899	0.00114586
0.0069	0.00114603
0.006901	0.00114531
0.006902	0.00114469
0.006903	0.00114463
0.006904	0.00114484
0.006905	0.00114421
0.006906	0.00114336
0.006907	0.00114299
0.006908	0.00114336
0.006909	0.00114298
0.00691	0.0011421
0.006911	0.00114156
0.006912	0.00114146
0.006913	0.00114102
0.006914	0.00114151
0.006915	0.00114019
0.006916	0.00113984
0.006917	0.00113988
0.006918	0.00113938
0.006919	0.00113883
0.00692	0.00113853
0.006921	0.00113868
0.006922	0.00113796
0.006923	0.00113786
0.006924	0.0011371
0.006925	0.00113678
0.006926	0.0011364
0.006927	0.0011362
0.006928	0.00113572
0.006929	0.00113558
0.00693	0.00113502
0.006931	0.00113498
0.006932	0.00113472
0.006933	0.00113404
0.006934	0.00113357
0.006935	0.00113324
0.006936	0.0011329
0.006937	0.00113323
0.006938	0.00113227
0.006939	0.00113204
0.00694	0.00113153
0.006941	0.00113132
0.006942	0.00113091
0.006943	0.00113101
0.006944	0.00113013
0.006945	0.00113039
0.006946	0.00113002
0.006947	0.00112915
0.006948	0.00112905
0.006949	0.00112902
0.00695	0.00112809
0.006951	0.00112791
0.006952	0.00112921
0.006953	0.00112718
0.006954	0.00112674
0.006955	0.00112654
0.006956	0.00112609
0.006957	0.00112572
0.006958	0.00112657
0.006959	0.00112554
0.00696	0.00112466
0.006961	0.00112438
0.006962	0.00112416
0.006963	0.001124
0.006964	0.00112364
0.006965	0.00112301
0.006966	0.0011229
0.006967	0.00112264
0.006968	0.00112195
0.006969	0.00112163
0.00697	0.00112221
0.006971	0.00112102
0.006972	0.00112073
0.006973	0.00112087
0.006974	0.00112006
0.006975	0.00111968
0.006976	0.00111935
0.006977	0.00111901
0.006978	0.00111863
0.006979	0.00111887
0.00698	0.00111817
0.006981	0.00111759
0.006982	0.00111742
0.006983	0.00111703
0.006984	0.00111763
0.006985	0.00111628
0.006986	0.00111622
0.006987	0.0011156
0.006988	0.00111645
0.006989	0.00111493
0.00699	0.00111472
0.006991	0.00111439
0.006992	0.00111414
0.006993	0.00111378
0.006994	0.00111326
0.006995	0.00111325
0.006996	0.00111275
0.006997	0.00111264
0.006998	0.00111197
0.006999	0.00111224
