1e-05	0.00139839
2e-05	0.00264018
3e-05	0.00396274
4e-05	0.00527615
5e-05	0.00659278
6e-05	0.00790661
7e-05	0.00921477
8e-05	0.0105407
9e-05	0.0118611
0.0001	0.0131754
0.00011	0.0144909
0.00012	0.0158043
0.00013	0.0171218
0.00014	0.018437
0.00015	0.0197539
0.00016	0.0210707
0.00017	0.0223871
0.00018	0.0237036
0.00019	0.0250203
0.0002	0.0263436
0.00021	0.0276611
0.00022	0.0289786
0.00023	0.0302958
0.00024	0.0316135
0.00025	0.0329326
0.00026	0.0342498
0.00027	0.035564
0.00028	0.0368842
0.00029	0.0382014
0.0003	0.039509
0.00031	0.0408254
0.00032	0.0421419
0.00033	0.0434583
0.00034	0.0447739
0.00035	0.0460901
0.00036	0.0474063
0.00037	0.0487225
0.00038	0.0500417
0.00039	0.0513581
0.0004	0.0526708
0.00041	0.0539871
0.00042	0.0553031
0.00043	0.0566192
0.00044	0.0579351
0.00045	0.0592515
0.00046	0.0605676
0.00047	0.0618834
0.00048	0.063203
0.00049	0.0645191
0.0005	0.0658349
0.00051	0.0671507
0.00052	0.0684658
0.00053	0.0697815
0.00054	0.0710971
0.00055	0.0724126
0.00056	0.073728
0.00057	0.0750433
0.00058	0.0763586
0.00059	0.0776739
0.0006	0.0789983
0.00061	0.080313
0.00062	0.0816281
0.00063	0.0829379
0.00064	0.0842524
0.00065	0.0855672
0.00066	0.0868819
0.00067	0.0881966
0.00068	0.0895111
0.00069	0.0908256
0.0007	0.09214
0.00071	0.0934543
0.00072	0.0947686
0.00073	0.0960827
0.00074	0.0973786
0.00075	0.0986923
0.00076	0.100006
0.00077	0.10132
0.00078	0.102633
0.00079	0.103947
0.0008	0.10526
0.00081	0.106573
0.00082	0.107886
0.00083	0.109199
0.00084	0.110518
0.00085	0.111831
0.00086	0.113144
0.00087	0.114456
0.00088	0.115769
0.00089	0.117082
0.0009	0.118394
0.00091	0.119706
0.00092	0.121018
0.00093	0.12233
0.00094	0.123642
0.00095	0.124965
0.00096	0.126279
0.00097	0.127589
0.00098	0.128903
0.00099	0.130212
0.001	0.131523
0.00101	0.132835
0.00102	0.134148
0.00103	0.135457
0.00104	0.136769
0.00105	0.138078
0.00106	0.139389
0.00107	0.140699
0.00108	0.142009
0.00109	0.14332
0.0011	0.144634
0.00111	0.14594
0.00112	0.147251
0.00113	0.14856
0.00114	0.14987
0.00115	0.151179
0.00116	0.152475
0.00117	0.153798
0.00118	0.155108
0.00119	0.156402
0.0012	0.157711
0.00121	0.159019
0.00122	0.160327
0.00123	0.161635
0.00124	0.162943
0.00125	0.16425
0.00126	0.165558
0.00127	0.166865
0.00128	0.168173
0.00129	0.16948
0.0013	0.170786
0.00131	0.172093
0.00132	0.1734
0.00133	0.174706
0.00134	0.176013
0.00135	0.17732
0.00136	0.178624
0.00137	0.179931
0.00138	0.181236
0.00139	0.182542
0.0014	0.183863
0.00141	0.185152
0.00142	0.186474
0.00143	0.187761
0.00144	0.189067
0.00145	0.19037
0.00146	0.191674
0.00147	0.192993
0.00148	0.194282
0.00149	0.195586
0.0015	0.196905
0.00151	0.198193
0.00152	0.199512
0.00153	0.200814
0.00154	0.202114
0.00155	0.203418
0.00156	0.204724
0.00157	0.206023
0.00158	0.207321
0.00159	0.208625
0.0016	0.209928
0.00161	0.211228
0.00162	0.212531
0.00163	0.213827
0.00164	0.215132
0.00165	0.216435
0.00166	0.217731
0.00167	0.219032
0.00168	0.220331
0.00169	0.221628
0.0017	0.222926
0.00171	0.224229
0.00172	0.225531
0.00173	0.226827
0.00174	0.22813
0.00175	0.229422
0.00176	0.230721
0.00177	0.232019
0.00178	0.23332
0.00179	0.234611
0.0018	0.235916
0.00181	0.237213
0.00182	0.238504
0.00183	0.239797
0.00184	0.241098
0.00185	0.24239
0.00186	0.24369
0.00187	0.244998
0.00188	0.246293
0.00189	0.247574
0.0019	0.248871
0.00191	0.250164
0.00192	0.251456
0.00193	0.252765
0.00194	0.254059
0.00195	0.255338
0.00196	0.256645
0.00197	0.257924
0.00198	0.259215
0.00199	0.260523
0.002	0.261815
0.00201	0.263106
0.00202	0.264386
0.00203	0.265689
0.00204	0.26698
0.00205	0.268255
0.00206	0.269546
0.00207	0.270851
0.00208	0.272124
0.00209	0.27343
0.0021	0.274719
0.00211	0.276008
0.00212	0.277296
0.00213	0.278584
0.00214	0.279871
0.00215	0.28116
0.00216	0.282448
0.00217	0.283735
0.00218	0.28502
0.00219	0.286306
0.0022	0.287593
0.00221	0.288879
0.00222	0.290165
0.00223	0.29145
0.00224	0.292734
0.00225	0.29402
0.00226	0.295302
0.00227	0.296588
0.00228	0.297871
0.00229	0.299154
0.0023	0.300437
0.00231	0.30172
0.00232	0.303003
0.00233	0.304284
0.00234	0.305565
0.00235	0.306845
0.00236	0.308127
0.00237	0.309408
0.00238	0.310689
0.00239	0.311968
0.0024	0.313247
0.00241	0.314527
0.00242	0.315805
0.00243	0.317084
0.00244	0.318362
0.00245	0.31964
0.00246	0.320916
0.00247	0.322194
0.00248	0.323471
0.00249	0.324747
0.0025	0.326021
0.00251	0.327298
0.00252	0.328571
0.00253	0.329848
0.00254	0.331122
0.00255	0.332396
0.00256	0.33367
0.00257	0.334942
0.00258	0.336216
0.00259	0.337486
0.0026	0.338759
0.00261	0.340029
0.00262	0.341302
0.00263	0.342573
0.00264	0.343843
0.00265	0.345111
0.00266	0.346383
0.00267	0.34765
0.00268	0.34892
0.00269	0.350189
0.0027	0.351456
0.00271	0.352724
0.00272	0.353991
0.00273	0.355257
0.00274	0.356523
0.00275	0.357787
0.00276	0.359053
0.00277	0.360319
0.00278	0.361583
0.00279	0.362847
0.0028	0.36411
0.00281	0.365373
0.00282	0.366635
0.00283	0.367898
0.00284	0.369159
0.00285	0.37042
0.00286	0.37166
0.00287	0.37292
0.00288	0.374198
0.00289	0.375457
0.0029	0.376697
0.00291	0.377976
0.00292	0.379214
0.00293	0.38049
0.00294	0.381727
0.00295	0.383002
0.00296	0.384239
0.00297	0.385514
0.00298	0.38677
0.00299	0.388023
0.003	0.389277
0.00301	0.390531
0.00302	0.391763
0.00303	0.393014
0.00304	0.394284
0.00305	0.395517
0.00306	0.396767
0.00307	0.398017
0.00308	0.399266
0.00309	0.400535
0.0031	0.401764
0.00311	0.403011
0.00312	0.404259
0.00313	0.405526
0.00314	0.406773
0.00315	0.407998
0.00316	0.409261
0.00317	0.410487
0.00318	0.411751
0.00319	0.412974
0.0032	0.414216
0.00321	0.415478
0.00322	0.4167
0.00323	0.417941
0.00324	0.419202
0.00325	0.420442
0.00326	0.421682
0.00327	0.422899
0.00328	0.424136
0.00329	0.425373
0.0033	0.42661
0.00331	0.427867
0.00332	0.429102
0.00333	0.430317
0.00334	0.43155
0.00335	0.432784
0.00336	0.434016
0.00337	0.435269
0.00338	0.436481
0.00339	0.437711
0.0034	0.438961
0.00341	0.44017
0.00342	0.44142
0.00343	0.442628
0.00344	0.443854
0.00345	0.445081
0.00346	0.446307
0.00347	0.447532
0.00348	0.448757
0.00349	0.449981
0.0035	0.451204
0.00351	0.452427
0.00352	0.453648
0.00353	0.454868
0.00354	0.456089
0.00355	0.457309
0.00356	0.458528
0.00357	0.459746
0.00358	0.460962
0.00359	0.462179
0.0036	0.463394
0.00361	0.46461
0.00362	0.465824
0.00363	0.467038
0.00364	0.468251
0.00365	0.469462
0.00366	0.470673
0.00367	0.471882
0.00368	0.473092
0.00369	0.474299
0.0037	0.475509
0.00371	0.476715
0.00372	0.477921
0.00373	0.479127
0.00374	0.480331
0.00375	0.481534
0.00376	0.482737
0.00377	0.483937
0.00378	0.48514
0.00379	0.48634
0.0038	0.487538
0.00381	0.488737
0.00382	0.489934
0.00383	0.49113
0.00384	0.492326
0.00385	0.49352
0.00386	0.494703
0.00387	0.495906
0.00388	0.497097
0.00389	0.498288
0.0039	0.499478
0.00391	0.500645
0.00392	0.501848
0.00393	0.503018
0.00394	0.504205
0.00395	0.505397
0.00396	0.506572
0.00397	0.507755
0.00398	0.508936
0.00399	0.510116
0.004	0.511295
0.00401	0.512474
0.00402	0.513651
0.00403	0.514827
0.00404	0.516002
0.00405	0.517176
0.00406	0.518349
0.00407	0.51952
0.00408	0.520691
0.00409	0.52186
0.0041	0.523028
0.00411	0.524196
0.00412	0.525361
0.00413	0.526526
0.00414	0.527689
0.00415	0.528852
0.00416	0.530032
0.00417	0.531172
0.00418	0.532332
0.00419	0.533488
0.0042	0.534645
0.00421	0.535799
0.00422	0.536952
0.00423	0.538105
0.00424	0.539255
0.00425	0.540404
0.00426	0.541552
0.00427	0.542699
0.00428	0.543844
0.00429	0.544988
0.0043	0.54613
0.00431	0.547271
0.00432	0.54841
0.00433	0.549551
0.00434	0.550685
0.00435	0.55182
0.00436	0.552982
0.00437	0.554114
0.00438	0.555243
0.00439	0.556372
0.0044	0.557498
0.00441	0.558602
0.00442	0.559746
0.00443	0.560871
0.00444	0.56199
0.00445	0.563109
0.00446	0.564226
0.00447	0.565341
0.00448	0.566455
0.00449	0.567567
0.0045	0.568676
0.00451	0.569785
0.00452	0.570891
0.00453	0.571995
0.00454	0.573098
0.00455	0.574171
0.00456	0.575296
0.00457	0.576396
0.00458	0.577488
0.00459	0.578582
0.0046	0.579645
0.00461	0.58076
0.00462	0.581848
0.00463	0.58293
0.00464	0.584013
0.00465	0.585092
0.00466	0.58617
0.00467	0.587244
0.00468	0.588317
0.00469	0.589386
0.0047	0.590454
0.00471	0.591519
0.00472	0.592582
0.00473	0.593642
0.00474	0.594699
0.00475	0.595754
0.00476	0.596806
0.00477	0.597856
0.00478	0.598902
0.00479	0.599946
0.0048	0.600987
0.00481	0.602024
0.00482	0.603059
0.00483	0.60409
0.00484	0.605119
0.00485	0.606144
0.00486	0.607166
0.00487	0.608184
0.00488	0.609199
0.00489	0.61021
0.0049	0.611218
0.00491	0.612222
0.00492	0.613223
0.00493	0.614219
0.00494	0.615212
0.00495	0.6162
0.00496	0.617184
0.00497	0.618164
0.00498	0.61914
0.00499	0.620111
0.005	0.621077
0.00501	0.622039
0.005011	0.621879
0.005012	0.621714
0.005013	0.621658
0.005014	0.621598
0.005015	0.62159
0.005016	0.621579
0.005017	0.6216
0.005018	0.621619
0.005019	0.62166
0.00502	0.621675
0.005021	0.621754
0.005022	0.621809
0.005023	0.62187
0.005024	0.621934
0.005025	0.622003
0.005026	0.622073
0.005027	0.622148
0.005028	0.622223
0.005029	0.622301
0.00503	0.62238
0.005031	0.622461
0.005032	0.622543
0.005033	0.622626
0.005034	0.622709
0.005035	0.622793
0.005036	0.622878
0.005037	0.622963
0.005038	0.623049
0.005039	0.623134
0.00504	0.62322
0.005041	0.623307
0.005042	0.623394
0.005043	0.62348
0.005044	0.623567
0.005045	0.623654
0.005046	0.623741
0.005047	0.623828
0.005048	0.623915
0.005049	0.624002
0.00505	0.624089
0.005051	0.624176
0.005052	0.624263
0.005053	0.62435
0.005054	0.624436
0.005055	0.624523
0.005056	0.62461
0.005057	0.624696
0.005058	0.624783
0.005059	0.624869
0.00506	0.624956
0.005061	0.625042
0.005062	0.625128
0.005063	0.625215
0.005064	0.625301
0.005065	0.625386
0.005066	0.625472
0.005067	0.625558
0.005068	0.625644
0.005069	0.625729
0.00507	0.625815
0.005071	0.6259
0.005072	0.625985
0.005073	0.62607
0.005074	0.626157
0.005075	0.62624
0.005076	0.626325
0.005077	0.62641
0.005078	0.626494
0.005079	0.626579
0.00508	0.626663
0.005081	0.626748
0.005082	0.626832
0.005083	0.626916
0.005084	0.627
0.005085	0.627083
0.005086	0.627167
0.005087	0.627251
0.005088	0.627334
0.005089	0.627417
0.00509	0.6275
0.005091	0.627583
0.005092	0.627666
0.005093	0.627749
0.005094	0.627832
0.005095	0.627914
0.005096	0.627997
0.005097	0.628079
0.005098	0.628161
0.005099	0.628243
0.0051	0.628325
0.005101	0.628407
0.005102	0.628489
0.005103	0.62857
0.005104	0.628652
0.005105	0.628733
0.005106	0.628814
0.005107	0.628895
0.005108	0.628976
0.005109	0.629057
0.00511	0.629137
0.005111	0.629217
0.005112	0.629298
0.005113	0.629378
0.005114	0.629458
0.005115	0.629538
0.005116	0.629617
0.005117	0.629697
0.005118	0.629776
0.005119	0.629855
0.00512	0.629934
0.005121	0.630013
0.005122	0.630092
0.005123	0.630171
0.005124	0.630249
0.005125	0.630328
0.005126	0.630406
0.005127	0.630483
0.005128	0.630561
0.005129	0.630639
0.00513	0.630717
0.005131	0.630794
0.005132	0.630871
0.005133	0.630948
0.005134	0.631025
0.005135	0.631101
0.005136	0.631178
0.005137	0.631254
0.005138	0.63133
0.005139	0.631406
0.00514	0.631482
0.005141	0.631558
0.005142	0.631633
0.005143	0.631708
0.005144	0.631783
0.005145	0.631858
0.005146	0.631933
0.005147	0.632007
0.005148	0.632082
0.005149	0.632155
0.00515	0.632229
0.005151	0.632303
0.005152	0.632376
0.005153	0.63245
0.005154	0.632523
0.005155	0.632596
0.005156	0.632668
0.005157	0.632741
0.005158	0.632813
0.005159	0.632885
0.00516	0.632957
0.005161	0.633028
0.005162	0.633099
0.005163	0.63317
0.005164	0.633241
0.005165	0.633312
0.005166	0.633382
0.005167	0.633453
0.005168	0.633523
0.005169	0.633592
0.00517	0.633662
0.005171	0.633731
0.005172	0.6338
0.005173	0.633869
0.005174	0.633937
0.005175	0.634005
0.005176	0.634073
0.005177	0.634141
0.005178	0.634208
0.005179	0.634275
0.00518	0.634342
0.005181	0.634409
0.005182	0.634475
0.005183	0.634541
0.005184	0.634607
0.005185	0.634672
0.005186	0.634737
0.005187	0.634802
0.005188	0.634867
0.005189	0.634931
0.00519	0.634996
0.005191	0.635058
0.005192	0.635122
0.005193	0.635185
0.005194	0.635247
0.005195	0.635309
0.005196	0.635371
0.005197	0.635434
0.005198	0.635494
0.005199	0.635555
0.0052	0.635615
0.005201	0.635676
0.005202	0.635735
0.005203	0.635794
0.005204	0.635853
0.005205	0.635912
0.005206	0.63597
0.005207	0.636028
0.005208	0.636085
0.005209	0.636142
0.00521	0.636199
0.005211	0.636255
0.005212	0.63631
0.005213	0.636365
0.005214	0.63642
0.005215	0.636474
0.005216	0.636528
0.005217	0.636581
0.005218	0.636634
0.005219	0.636686
0.00522	0.636737
0.005221	0.636789
0.005222	0.636835
0.005223	0.636884
0.005224	0.636926
0.005225	0.636975
0.005226	0.63702
0.005227	0.637067
0.005228	0.637114
0.005229	0.637159
0.00523	0.637204
0.005231	0.637248
0.005232	0.637292
0.005233	0.637335
0.005234	0.637377
0.005235	0.637418
0.005236	0.637459
0.005237	0.637499
0.005238	0.637537
0.005239	0.637576
0.00524	0.637612
0.005241	0.637649
0.005242	0.637683
0.005243	0.637718
0.005244	0.63775
0.005245	0.637783
0.005246	0.637813
0.005247	0.637843
0.005248	0.637872
0.005249	0.637899
0.00525	0.637925
0.005251	0.637949
0.005252	0.637973
0.005253	0.637995
0.005254	0.638014
0.005255	0.638032
0.005256	0.638049
0.005257	0.638063
0.005258	0.638076
0.005259	0.638087
0.00526	0.638097
0.005261	0.638104
0.005262	0.638108
0.005263	0.63811
0.005264	0.63811
0.005265	0.638107
0.005266	0.638101
0.005267	0.638093
0.005268	0.638081
0.005269	0.638067
0.00527	0.638048
0.005271	0.638027
0.005272	0.638001
0.005273	0.637973
0.005274	0.637938
0.005275	0.637866
0.005276	0.637859
0.005277	0.63777
0.005278	0.637724
0.005279	0.637658
0.00528	0.637632
0.005281	0.637524
0.005282	0.637456
0.005283	0.637365
0.005284	0.637278
0.005285	0.63718
0.005286	0.637076
0.005287	0.637
0.005288	0.636842
0.005289	0.63672
0.00529	0.636576
0.005291	0.63643
0.005292	0.636273
0.005293	0.636106
0.005294	0.635927
0.005295	0.635739
0.005296	0.635555
0.005297	0.63533
0.005298	0.635102
0.005299	0.634872
0.0053	0.634625
0.005301	0.634369
0.005302	0.634095
0.005303	0.633811
0.005304	0.633512
0.005305	0.633203
0.005306	0.632894
0.005307	0.632542
0.005308	0.632201
0.005309	0.631827
0.00531	0.631456
0.005311	0.631071
0.005312	0.630647
0.005313	0.630245
0.005314	0.629819
0.005315	0.629371
0.005316	0.628901
0.005317	0.628442
0.005318	0.627957
0.005319	0.627473
0.00532	0.62698
0.005321	0.626461
0.005322	0.625946
0.005323	0.62541
0.005324	0.624855
0.005325	0.624316
0.005326	0.623769
0.005327	0.623197
0.005328	0.622629
0.005329	0.622047
0.00533	0.62146
0.005331	0.620868
0.005332	0.620265
0.005333	0.619657
0.005334	0.619029
0.005335	0.618418
0.005336	0.617794
0.005337	0.617152
0.005338	0.616516
0.005339	0.615862
0.00534	0.615196
0.005341	0.614537
0.005342	0.613858
0.005343	0.613181
0.005344	0.612489
0.005345	0.611796
0.005346	0.611094
0.005347	0.610388
0.005348	0.609707
0.005349	0.60899
0.00535	0.608258
0.005351	0.607499
0.005352	0.606759
0.005353	0.606023
0.005354	0.605304
0.005355	0.604553
0.005356	0.60376
0.005357	0.602996
0.005358	0.602226
0.005359	0.601483
0.00536	0.600704
0.005361	0.599876
0.005362	0.599083
0.005363	0.598286
0.005364	0.59748
0.005365	0.596654
0.005366	0.595863
0.005367	0.595026
0.005368	0.594189
0.005369	0.593387
0.00537	0.592535
0.005371	0.59168
0.005372	0.590821
0.005373	0.589936
0.005374	0.589074
0.005375	0.588214
0.005376	0.587343
0.005377	0.586472
0.005378	0.585591
0.005379	0.58471
0.00538	0.583819
0.005381	0.582954
0.005382	0.582057
0.005383	0.581163
0.005384	0.580252
0.005385	0.579334
0.005386	0.578414
0.005387	0.577459
0.005388	0.576552
0.005389	0.575607
0.00539	0.574668
0.005391	0.573696
0.005392	0.572739
0.005393	0.571781
0.005394	0.570838
0.005395	0.569885
0.005396	0.568913
0.005397	0.567944
0.005398	0.56693
0.005399	0.565948
0.0054	0.56495
0.005401	0.56396
0.005402	0.562955
0.005403	0.561957
0.005404	0.560942
0.005405	0.559932
0.005406	0.558928
0.005407	0.557887
0.005408	0.556884
0.005409	0.555842
0.00541	0.554805
0.005411	0.553766
0.005412	0.552712
0.005413	0.551655
0.005414	0.550611
0.005415	0.549545
0.005416	0.548475
0.005417	0.547411
0.005418	0.546358
0.005419	0.545274
0.00542	0.544152
0.005421	0.543066
0.005422	0.54198
0.005423	0.540883
0.005424	0.539783
0.005425	0.538702
0.005426	0.537563
0.005427	0.536443
0.005428	0.535366
0.005429	0.534232
0.00543	0.5331
0.005431	0.531964
0.005432	0.530797
0.005433	0.529658
0.005434	0.52855
0.005435	0.527367
0.005436	0.526242
0.005437	0.525057
0.005438	0.523927
0.005439	0.522731
0.00544	0.521592
0.005441	0.520417
0.005442	0.519237
0.005443	0.518014
0.005444	0.516834
0.005445	0.515638
0.005446	0.514448
0.005447	0.513242
0.005448	0.512066
0.005449	0.510826
0.00545	0.509641
0.005451	0.508399
0.005452	0.507184
0.005453	0.50596
0.005454	0.504754
0.005455	0.503494
0.005456	0.502285
0.005457	0.501004
0.005458	0.499772
0.005459	0.498519
0.00546	0.497303
0.005461	0.496032
0.005462	0.494783
0.005463	0.493504
0.005464	0.492249
0.005465	0.490939
0.005466	0.489667
0.005467	0.488378
0.005468	0.487103
0.005469	0.485815
0.00547	0.484526
0.005471	0.483212
0.005472	0.481929
0.005473	0.480652
0.005474	0.47933
0.005475	0.478007
0.005476	0.476689
0.005477	0.475351
0.005478	0.474064
0.005479	0.472721
0.00548	0.471423
0.005481	0.470034
0.005482	0.468718
0.005483	0.46736
0.005484	0.466067
0.005485	0.464691
0.005486	0.463333
0.005487	0.461982
0.005488	0.460618
0.005489	0.459233
0.00549	0.457924
0.005491	0.456498
0.005492	0.455137
0.005493	0.453746
0.005494	0.452382
0.005495	0.450981
0.005496	0.449611
0.005497	0.448203
0.005498	0.446827
0.005499	0.445434
0.0055	0.444033
0.005501	0.442625
0.005502	0.441244
0.005503	0.439807
0.005504	0.438388
0.005505	0.436977
0.005506	0.435568
0.005507	0.434086
0.005508	0.432661
0.005509	0.431271
0.00551	0.429845
0.005511	0.428402
0.005512	0.426969
0.005513	0.425476
0.005514	0.424068
0.005515	0.422604
0.005516	0.421161
0.005517	0.419644
0.005518	0.418197
0.005519	0.416747
0.00552	0.415302
0.005521	0.413798
0.005522	0.41234
0.005523	0.410803
0.005524	0.409379
0.005525	0.407873
0.005526	0.406364
0.005527	0.404895
0.005528	0.403395
0.005529	0.401907
0.00553	0.400412
0.005531	0.398869
0.005532	0.397375
0.005533	0.395876
0.005534	0.394348
0.005535	0.392844
0.005536	0.391337
0.005537	0.389781
0.005538	0.388265
0.005539	0.386728
0.00554	0.385209
0.005541	0.383664
0.005542	0.382144
0.005543	0.380618
0.005544	0.379093
0.005545	0.377514
0.005546	0.376003
0.005547	0.374421
0.005548	0.372883
0.005549	0.371312
0.00555	0.369774
0.005551	0.368191
0.005552	0.366645
0.005553	0.365086
0.005554	0.363496
0.005555	0.361912
0.005556	0.36035
0.005557	0.358759
0.005558	0.357194
0.005559	0.355608
0.00556	0.354034
0.005561	0.352436
0.005562	0.350858
0.005563	0.349253
0.005564	0.347669
0.005565	0.346089
0.005566	0.344506
0.005567	0.34289
0.005568	0.341295
0.005569	0.339676
0.00557	0.338079
0.005571	0.336455
0.005572	0.334853
0.005573	0.333224
0.005574	0.331617
0.005575	0.329984
0.005576	0.328373
0.005577	0.326709
0.005578	0.32509
0.005579	0.323465
0.00558	0.321842
0.005581	0.320196
0.005582	0.318543
0.005583	0.316889
0.005584	0.315251
0.005585	0.313591
0.005586	0.311949
0.005587	0.310284
0.005588	0.308637
0.005589	0.306965
0.00559	0.305312
0.005591	0.303634
0.005592	0.301977
0.005593	0.300294
0.005594	0.29863
0.005595	0.29694
0.005596	0.29527
0.005597	0.293596
0.005598	0.29192
0.005599	0.290214
0.0056	0.288531
0.005601	0.28682
0.005602	0.285129
0.005603	0.283412
0.005604	0.281716
0.005605	0.279992
0.005606	0.278287
0.005607	0.276554
0.005608	0.274843
0.005609	0.273101
0.00561	0.271381
0.005611	0.269627
0.005612	0.267876
0.005613	0.266144
0.005614	0.264403
0.005615	0.262627
0.005616	0.260881
0.005617	0.259099
0.005618	0.257342
0.005619	0.255547
0.00562	0.253772
0.005621	0.251971
0.005622	0.25019
0.005623	0.248374
0.005624	0.246575
0.005625	0.244741
0.005626	0.242927
0.005627	0.241086
0.005628	0.239258
0.005629	0.2374
0.00563	0.235554
0.005631	0.233675
0.005632	0.231808
0.005633	0.229908
0.005634	0.228027
0.005635	0.226106
0.005636	0.224204
0.005637	0.222265
0.005638	0.220333
0.005639	0.218361
0.00564	0.216389
0.005641	0.21439
0.005642	0.212393
0.005643	0.210367
0.005644	0.208347
0.005645	0.206281
0.005646	0.20423
0.005647	0.202137
0.005648	0.200052
0.005649	0.19791
0.00565	0.195761
0.005651	0.193581
0.005652	0.191377
0.005653	0.189137
0.005654	0.186889
0.005655	0.184582
0.005656	0.182274
0.005657	0.179889
0.005658	0.1775
0.005659	0.17503
0.00566	0.172539
0.005661	0.169964
0.005662	0.167386
0.005663	0.164705
0.005664	0.162006
0.005665	0.159193
0.005666	0.156343
0.005667	0.153363
0.005668	0.150412
0.005669	0.147229
0.00567	0.144001
0.005671	0.140569
0.005672	0.137021
0.005673	0.133261
0.005674	0.12939
0.005675	0.125226
0.005676	0.12083
0.005677	0.116128
0.005678	0.111092
0.005679	0.105623
0.00568	0.0996699
0.005681	0.0930685
0.005682	0.085809
0.005683	0.0775905
0.005684	0.0684024
0.005685	0.0579419
0.005686	0.0464248
0.005687	0.034095
0.005688	0.0223369
0.005689	0.012779
0.00569	0.00708263
0.005691	0.0048283
0.005692	0.00434132
0.005693	0.0039969
0.005694	0.00383117
0.005695	0.00372685
0.005696	0.00369205
0.005697	0.00367411
0.005698	0.00366782
0.005699	0.00366377
0.0057	0.00366139
0.005701	0.0036593
0.005702	0.00365742
0.005703	0.00365555
0.005704	0.00365388
0.005705	0.00365206
0.005706	0.0036501
0.005707	0.00364828
0.005708	0.0036466
0.005709	0.00364479
0.00571	0.00364283
0.005711	0.00364116
0.005712	0.00363921
0.005713	0.00363754
0.005714	0.00363573
0.005715	0.00363378
0.005716	0.00363197
0.005717	0.00363017
0.005718	0.00362836
0.005719	0.00362654
0.00572	0.00362476
0.005721	0.00362296
0.005722	0.00362116
0.005723	0.00361935
0.005724	0.00361757
0.005725	0.00361577
0.005726	0.00361398
0.005727	0.00361219
0.005728	0.0036104
0.005729	0.00360875
0.00573	0.0036068
0.005731	0.00360503
0.005732	0.00360323
0.005733	0.0036016
0.005734	0.00359968
0.005735	0.0035979
0.005736	0.00359612
0.005737	0.00359434
0.005738	0.00359256
0.005739	0.00359076
0.00574	0.00358899
0.005741	0.00358723
0.005742	0.00358544
0.005743	0.00358367
0.005744	0.00358192
0.005745	0.00358015
0.005746	0.00357838
0.005747	0.00357661
0.005748	0.00357485
0.005749	0.00357323
0.00575	0.00357132
0.005751	0.00356956
0.005752	0.0035678
0.005753	0.00356618
0.005754	0.00356428
0.005755	0.00356252
0.005756	0.00356077
0.005757	0.00355901
0.005758	0.0035574
0.005759	0.00355549
0.00576	0.00355376
0.005761	0.00355199
0.005762	0.00355026
0.005763	0.0035485
0.005764	0.00354691
0.005765	0.00354502
0.005766	0.00354328
0.005767	0.00354154
0.005768	0.00353994
0.005769	0.0035382
0.00577	0.00353632
0.005771	0.00353473
0.005772	0.00353285
0.005773	0.00353111
0.005774	0.00352953
0.005775	0.00352763
0.005776	0.0035259
0.005777	0.00352433
0.005778	0.0035226
0.005779	0.00352073
0.00578	0.00351915
0.005781	0.00351728
0.005782	0.0035157
0.005783	0.00351384
0.005784	0.00351211
0.005785	0.00351054
0.005786	0.00350866
0.005787	0.00350696
0.005788	0.00350524
0.005789	0.00350351
0.00579	0.00350196
0.005791	0.0035001
0.005792	0.00349854
0.005793	0.00349666
0.005794	0.00349497
0.005795	0.00349326
0.005796	0.00349156
0.005797	0.00348985
0.005798	0.00348813
0.005799	0.00348659
0.0058	0.00348474
0.005801	0.00348319
0.005802	0.00348134
0.005803	0.00347964
0.005804	0.00347793
0.005805	0.00347623
0.005806	0.00347471
0.005807	0.00347301
0.005808	0.00347117
0.005809	0.00346948
0.00581	0.00346777
0.005811	0.0034661
0.005812	0.0034644
0.005813	0.00346288
0.005814	0.00346104
0.005815	0.00345936
0.005816	0.00345768
0.005817	0.00345599
0.005818	0.00345446
0.005819	0.00345262
0.00582	0.00345096
0.005821	0.00344926
0.005822	0.0034476
0.005823	0.00344593
0.005824	0.00344441
0.005825	0.00344273
0.005826	0.00344089
0.005827	0.00343923
0.005828	0.00343757
0.005829	0.00343591
0.00583	0.00343439
0.005831	0.00343257
0.005832	0.00343091
0.005833	0.00342923
0.005834	0.00342757
0.005835	0.00342608
0.005836	0.00342442
0.005837	0.00342259
0.005838	0.00342093
0.005839	0.0034193
0.00584	0.00341762
0.005841	0.00341599
0.005842	0.00341432
0.005843	0.00341268
0.005844	0.00341103
0.005845	0.00340938
0.005846	0.00340774
0.005847	0.00340609
0.005848	0.00340459
0.005849	0.00340295
0.00585	0.00340115
0.005851	0.00339966
0.005852	0.00339787
0.005853	0.00339623
0.005854	0.00339459
0.005855	0.00339294
0.005856	0.00339132
0.005857	0.00338968
0.005858	0.00338805
0.005859	0.00338657
0.00586	0.00338478
0.005861	0.0033833
0.005862	0.00338152
0.005863	0.00337989
0.005864	0.00337825
0.005865	0.00337662
0.005866	0.00337517
0.005867	0.00337354
0.005868	0.00337177
0.005869	0.0033703
0.00587	0.00336852
0.005871	0.00336706
0.005872	0.00336528
0.005873	0.00336382
0.005874	0.0033622
0.005875	0.00336042
0.005876	0.0033588
0.005877	0.00335736
0.005878	0.0033556
0.005879	0.00335414
0.00588	0.00335253
0.005881	0.00335092
0.005882	0.00334916
0.005883	0.00334771
0.005884	0.00334593
0.005885	0.00334433
0.005886	0.00334289
0.005887	0.00334129
0.005888	0.00333954
0.005889	0.00333809
0.00589	0.00333632
0.005891	0.00333489
0.005892	0.00333314
0.005893	0.0033317
0.005894	0.00333011
0.005895	0.00332834
0.005896	0.00332675
0.005897	0.00332533
0.005898	0.00332359
0.005899	0.00332215
0.0059	0.00332041
0.005901	0.00331898
0.005902	0.00331724
0.005903	0.00331565
0.005904	0.00331405
0.005905	0.00331247
0.005906	0.00331106
0.005907	0.00330933
0.005908	0.00330775
0.005909	0.00330632
0.00591	0.00330459
0.005911	0.00330317
0.005912	0.00330144
0.005913	0.00329987
0.005914	0.00329829
0.005915	0.00329672
0.005916	0.00329515
0.005917	0.00329358
0.005918	0.00329199
0.005919	0.0032906
0.00592	0.00328888
0.005921	0.00328747
0.005922	0.00328573
0.005923	0.00328419
0.005924	0.00328262
0.005925	0.00328106
0.005926	0.0032795
0.005927	0.00327793
0.005928	0.00327654
0.005929	0.00327483
0.00593	0.00327343
0.005931	0.00327172
0.005932	0.00327032
0.005933	0.00326859
0.005934	0.00326704
0.005935	0.00326567
0.005936	0.00326412
0.005937	0.00326239
0.005938	0.00326086
0.005939	0.0032593
0.00594	0.00325777
0.005941	0.00325621
0.005942	0.00325468
0.005943	0.00325314
0.005944	0.00325176
0.005945	0.00325022
0.005946	0.00324852
0.005947	0.00324698
0.005948	0.00324543
0.005949	0.00324389
0.00595	0.00324238
0.005951	0.00324084
0.005952	0.00323929
0.005953	0.00323793
0.005954	0.00323625
0.005955	0.00323472
0.005956	0.00323317
0.005957	0.00323182
0.005958	0.00323013
0.005959	0.00322861
0.00596	0.00322724
0.005961	0.00322572
0.005962	0.00322404
0.005963	0.00322251
0.005964	0.00322097
0.005965	0.00321945
0.005966	0.00321796
0.005967	0.00321644
0.005968	0.00321508
0.005969	0.00321356
0.00597	0.00321205
0.005971	0.00321038
0.005972	0.00320902
0.005973	0.00320733
0.005974	0.00320582
0.005975	0.00320449
0.005976	0.00320298
0.005977	0.0032013
0.005978	0.00319981
0.005979	0.00319829
0.00598	0.0031968
0.005981	0.00319528
0.005982	0.0031938
0.005983	0.00319229
0.005984	0.00319079
0.005985	0.00318929
0.005986	0.0031878
0.005987	0.00318646
0.005988	0.00318478
0.005989	0.00318331
0.00599	0.00318179
0.005991	0.00318032
0.005992	0.00317883
0.005993	0.00317749
0.005994	0.003176
0.005995	0.00317433
0.005996	0.00317287
0.005997	0.00317138
0.005998	0.00316987
0.005999	0.00316841
0.006	0.0031669
0.006001	0.00316544
0.006002	0.00316394
0.006003	0.00316245
0.006004	0.00316115
0.006005	0.00315967
0.006006	0.00315801
0.006007	0.00315656
0.006008	0.00315508
0.006009	0.00315358
0.00601	0.00315213
0.006011	0.00315065
0.006012	0.00314916
0.006013	0.00314787
0.006014	0.0031464
0.006015	0.00314475
0.006016	0.00314328
0.006017	0.00314199
0.006018	0.00314036
0.006019	0.00313906
0.00602	0.00313743
0.006021	0.00313613
0.006022	0.00313449
0.006023	0.00313304
0.006024	0.00313158
0.006025	0.00313029
0.006026	0.00312864
0.006027	0.00312719
0.006028	0.00312575
0.006029	0.00312427
0.00603	0.00312284
0.006031	0.00312136
0.006032	0.00311991
0.006033	0.00311864
0.006034	0.00311702
0.006035	0.00311557
0.006036	0.0031141
0.006037	0.00311284
0.006038	0.00311123
0.006039	0.00310994
0.00604	0.00310833
0.006041	0.00310705
0.006042	0.00310542
0.006043	0.00310398
0.006044	0.00310272
0.006045	0.00310128
0.006046	0.00309966
0.006047	0.00309822
0.006048	0.0030968
0.006049	0.00309534
0.00605	0.00309393
0.006051	0.00309249
0.006052	0.00309104
0.006053	0.00308979
0.006054	0.00308835
0.006055	0.00308674
0.006056	0.00308531
0.006057	0.0030839
0.006058	0.00308247
0.006059	0.00308121
0.00606	0.00307959
0.006061	0.00307819
0.006062	0.00307674
0.006063	0.00307532
0.006064	0.00307408
0.006065	0.00307266
0.006066	0.00307107
0.006067	0.00306965
0.006068	0.00306821
0.006069	0.00306681
0.00607	0.00306537
0.006071	0.00306398
0.006072	0.00306256
0.006073	0.00306115
0.006074	0.00305973
0.006075	0.00305832
0.006076	0.00305691
0.006077	0.00305547
0.006078	0.00305408
0.006079	0.00305267
0.00608	0.00305127
0.006081	0.00304984
0.006082	0.00304862
0.006083	0.00304704
0.006084	0.00304564
0.006085	0.00304424
0.006086	0.003043
0.006087	0.0030416
0.006088	0.00304003
0.006089	0.0030388
0.00609	0.00303723
0.006091	0.00303583
0.006092	0.0030346
0.006093	0.00303302
0.006094	0.00303162
0.006095	0.00303041
0.006096	0.00302885
0.006097	0.00302746
0.006098	0.00302623
0.006099	0.00302467
0.0061	0.00302345
0.006101	0.00302206
0.006102	0.00302051
0.006103	0.00301912
0.006104	0.00301773
0.006105	0.00301635
0.006106	0.00301494
0.006107	0.00301356
0.006108	0.00301219
0.006109	0.00301079
0.00611	0.00300943
0.006111	0.00300805
0.006112	0.00300665
0.006113	0.00300546
0.006114	0.00300408
0.006115	0.00300251
0.006116	0.00300116
0.006117	0.00299978
0.006118	0.00299839
0.006119	0.00299704
0.00612	0.00299564
0.006121	0.00299427
0.006122	0.00299292
0.006123	0.00299155
0.006124	0.00299018
0.006125	0.00298879
0.006126	0.00298761
0.006127	0.00298608
0.006128	0.00298471
0.006129	0.00298352
0.00613	0.00298215
0.006131	0.00298062
0.006132	0.00297926
0.006133	0.0029779
0.006134	0.00297654
0.006135	0.00297518
0.006136	0.00297382
0.006137	0.00297263
0.006138	0.00297111
0.006139	0.00296992
0.00614	0.00296839
0.006141	0.00296704
0.006142	0.00296567
0.006143	0.00296431
0.006144	0.00296315
0.006145	0.0029618
0.006146	0.00296028
0.006147	0.0029591
0.006148	0.00295756
0.006149	0.00295624
0.00615	0.00295489
0.006151	0.00295372
0.006152	0.00295237
0.006153	0.00295084
0.006154	0.00294949
0.006155	0.00294834
0.006156	0.002947
0.006157	0.00294549
0.006158	0.00294432
0.006159	0.00294281
0.00616	0.00294165
0.006161	0.00294031
0.006162	0.0029388
0.006163	0.00293747
0.006164	0.0029363
0.006165	0.00293497
0.006166	0.00293344
0.006167	0.00293213
0.006168	0.00293078
0.006169	0.00292947
0.00617	0.00292812
0.006171	0.00292699
0.006172	0.00292549
0.006173	0.00292416
0.006174	0.00292283
0.006175	0.00292168
0.006176	0.00292036
0.006177	0.00291886
0.006178	0.00291771
0.006179	0.00291622
0.00618	0.00291507
0.006181	0.00291375
0.006182	0.00291226
0.006183	0.00291094
0.006184	0.00290962
0.006185	0.00290848
0.006186	0.00290697
0.006187	0.00290568
0.006188	0.00290434
0.006189	0.00290305
0.00619	0.00290171
0.006191	0.0029006
0.006192	0.00289929
0.006193	0.0028978
0.006194	0.00289647
0.006195	0.00289536
0.006196	0.00289405
0.006197	0.00289257
0.006198	0.00289144
0.006199	0.00288996
0.0062	0.00288883
0.006201	0.00288753
0.006202	0.00288603
0.006203	0.00288473
0.006204	0.00288362
0.006205	0.00288232
0.006206	0.00288085
0.006207	0.00287955
0.006208	0.00287823
0.006209	0.00287713
0.00621	0.00287566
0.006211	0.00287454
0.006212	0.00287325
0.006213	0.00287176
0.006214	0.00287046
0.006215	0.00286919
0.006216	0.0028679
0.006217	0.00286679
0.006218	0.00286532
0.006219	0.00286421
0.00622	0.00286275
0.006221	0.00286146
0.006222	0.00286018
0.006223	0.00285889
0.006224	0.00285761
0.006225	0.00285632
0.006226	0.00285522
0.006227	0.00285393
0.006228	0.00285265
0.006229	0.0028512
0.00623	0.00285009
0.006231	0.00284862
0.006232	0.00284736
0.006233	0.00284608
0.006234	0.00284498
0.006235	0.00284351
0.006236	0.00284226
0.006237	0.00284098
0.006238	0.00283969
0.006239	0.00283844
0.00624	0.00283717
0.006241	0.00283587
0.006242	0.0028348
0.006243	0.00283353
0.006244	0.00283207
0.006245	0.00283082
0.006246	0.00282955
0.006247	0.00282827
0.006248	0.00282702
0.006249	0.00282574
0.00625	0.00282447
0.006251	0.00282323
0.006252	0.00282197
0.006253	0.00282071
0.006254	0.00281945
0.006255	0.00281837
0.006256	0.00281711
0.006257	0.00281567
0.006258	0.0028146
0.006259	0.00281316
0.00626	0.00281191
0.006261	0.00281083
0.006262	0.00280937
0.006263	0.00280812
0.006264	0.00280707
0.006265	0.00280564
0.006266	0.00280439
0.006267	0.00280332
0.006268	0.00280189
0.006269	0.00280064
0.00627	0.00279957
0.006271	0.00279813
0.006272	0.0027969
0.006273	0.00279566
0.006274	0.00279459
0.006275	0.00279315
0.006276	0.00279193
0.006277	0.00279066
0.006278	0.00278944
0.006279	0.00278818
0.00628	0.00278696
0.006281	0.00278572
0.006282	0.00278448
0.006283	0.00278325
0.006284	0.00278201
0.006285	0.00278095
0.006286	0.00277952
0.006287	0.00277831
0.006288	0.00277705
0.006289	0.00277584
0.00629	0.00277461
0.006291	0.00277356
0.006292	0.00277233
0.006293	0.00277089
0.006294	0.00276969
0.006295	0.00276846
0.006296	0.00276721
0.006297	0.00276601
0.006298	0.00276476
0.006299	0.00276355
0.0063	0.00276231
0.006301	0.00276108
0.006302	0.00276007
0.006303	0.00275884
0.006304	0.00275742
0.006305	0.00275622
0.006306	0.002755
0.006307	0.00275376
0.006308	0.00275256
0.006309	0.00275135
0.00631	0.00275011
0.006311	0.0027491
0.006312	0.00274788
0.006313	0.00274646
0.006314	0.00274525
0.006315	0.00274424
0.006316	0.00274285
0.006317	0.00274182
0.006318	0.00274042
0.006319	0.0027394
0.00632	0.00273798
0.006321	0.00273678
0.006322	0.00273577
0.006323	0.00273457
0.006324	0.00273316
0.006325	0.00273195
0.006326	0.00273077
0.006327	0.00272954
0.006328	0.00272836
0.006329	0.00272714
0.00633	0.00272594
0.006331	0.00272494
0.006332	0.00272374
0.006333	0.00272234
0.006334	0.00272114
0.006335	0.00272015
0.006336	0.00271877
0.006337	0.00271775
0.006338	0.00271637
0.006339	0.00271518
0.00634	0.00271396
0.006341	0.00271277
0.006342	0.00271179
0.006343	0.00271059
0.006344	0.0027092
0.006345	0.00270803
0.006346	0.00270684
0.006347	0.00270563
0.006348	0.00270446
0.006349	0.00270328
0.00635	0.00270207
0.006351	0.00270109
0.006352	0.0026999
0.006353	0.00269851
0.006354	0.00269735
0.006355	0.00269617
0.006356	0.00269496
0.006357	0.00269381
0.006358	0.0026926
0.006359	0.00269145
0.00636	0.00269027
0.006361	0.00268909
0.006362	0.0026881
0.006363	0.00268673
0.006364	0.00268556
0.006365	0.00268457
0.006366	0.00268318
0.006367	0.00268203
0.006368	0.00268084
0.006369	0.00267987
0.00637	0.00267852
0.006371	0.00267735
0.006372	0.00267618
0.006373	0.00267501
0.006374	0.00267402
0.006375	0.00267265
0.006376	0.0026715
0.006377	0.00267031
0.006378	0.00266917
0.006379	0.00266798
0.00638	0.00266703
0.006381	0.00266586
0.006382	0.00266449
0.006383	0.00266333
0.006384	0.00266238
0.006385	0.00266103
0.006386	0.00266006
0.006387	0.00265871
0.006388	0.00265774
0.006389	0.00265639
0.00639	0.00265524
0.006391	0.00265408
0.006392	0.00265293
0.006393	0.00265177
0.006394	0.00265062
0.006395	0.00264965
0.006396	0.00264831
0.006397	0.00264735
0.006398	0.00264601
0.006399	0.00264504
0.0064	0.00264368
0.006401	0.00264253
0.006402	0.0026416
0.006403	0.00264045
0.006404	0.00263909
0.006405	0.00263797
0.006406	0.0026368
0.006407	0.00263568
0.006408	0.00263451
0.006409	0.00263339
0.00641	0.00263225
0.006411	0.0026311
0.006412	0.00262996
0.006413	0.00262882
0.006414	0.00262768
0.006415	0.00262652
0.006416	0.00262541
0.006417	0.00262424
0.006418	0.00262313
0.006419	0.00262197
0.00642	0.00262105
0.006421	0.00261991
0.006422	0.00261857
0.006423	0.00261743
0.006424	0.00261632
0.006425	0.00261519
0.006426	0.00261425
0.006427	0.00261293
0.006428	0.00261199
0.006429	0.00261065
0.00643	0.00260954
0.006431	0.00260841
0.006432	0.00260729
0.006433	0.00260614
0.006434	0.00260501
0.006435	0.00260391
0.006436	0.00260276
0.006437	0.00260166
0.006438	0.00260052
0.006439	0.00259942
0.00644	0.00259829
0.006441	0.00259717
0.006442	0.00259605
0.006443	0.00259493
0.006444	0.00259401
0.006445	0.00259289
0.006446	0.00259158
0.006447	0.00259066
0.006448	0.00258935
0.006449	0.00258823
0.00645	0.00258712
0.006451	0.00258598
0.006452	0.00258489
0.006453	0.00258378
0.006454	0.00258267
0.006455	0.00258175
0.006456	0.00258044
0.006457	0.00257953
0.006458	0.00257823
0.006459	0.00257712
0.00646	0.00257599
0.006461	0.00257488
0.006462	0.00257399
0.006463	0.00257269
0.006464	0.00257159
0.006465	0.00257068
0.006466	0.00256938
0.006467	0.00256847
0.006468	0.00256717
0.006469	0.00256607
0.00647	0.00256517
0.006471	0.00256385
0.006472	0.00256275
0.006473	0.00256167
0.006474	0.00256058
0.006475	0.00255967
0.006476	0.00255838
0.006477	0.00255748
0.006478	0.00255619
0.006479	0.0025551
0.00648	0.00255398
0.006481	0.00255288
0.006482	0.00255201
0.006483	0.00255072
0.006484	0.00254963
0.006485	0.00254874
0.006486	0.00254745
0.006487	0.00254656
0.006488	0.00254527
0.006489	0.00254419
0.00649	0.0025433
0.006491	0.00254199
0.006492	0.00254093
0.006493	0.00253984
0.006494	0.00253876
0.006495	0.00253787
0.006496	0.00253659
0.006497	0.0025357
0.006498	0.0025344
0.006499	0.00253335
0.0065	0.00253226
0.006501	0.00253119
0.006502	0.00253011
0.006503	0.00252903
0.006504	0.00252815
0.006505	0.00252707
0.006506	0.0025258
0.006507	0.00252472
0.006508	0.00252384
0.006509	0.00252257
0.00651	0.0025215
0.006511	0.00252042
0.006512	0.00251935
0.006513	0.00251826
0.006514	0.00251719
0.006515	0.00251614
0.006516	0.00251505
0.006517	0.002514
0.006518	0.00251293
0.006519	0.00251184
0.00652	0.00251099
0.006521	0.00250993
0.006522	0.00250864
0.006523	0.00250758
0.006524	0.00250654
0.006525	0.00250545
0.006526	0.00250441
0.006527	0.00250332
0.006528	0.00250228
0.006529	0.00250122
0.00653	0.00250016
0.006531	0.0024991
0.006532	0.00249804
0.006533	0.00249698
0.006534	0.00249613
0.006535	0.00249487
0.006536	0.00249381
0.006537	0.00249276
0.006538	0.0024919
0.006539	0.00249085
0.00654	0.00248959
0.006541	0.00248854
0.006542	0.00248769
0.006543	0.00248663
0.006544	0.00248538
0.006545	0.00248433
0.006546	0.00248326
0.006547	0.00248243
0.006548	0.00248119
0.006549	0.00248014
0.00655	0.00247929
0.006551	0.00247802
0.006552	0.002477
0.006553	0.00247595
0.006554	0.00247488
0.006555	0.00247406
0.006556	0.00247282
0.006557	0.00247178
0.006558	0.00247071
0.006559	0.00246967
0.00656	0.00246885
0.006561	0.00246781
0.006562	0.00246655
0.006563	0.00246551
0.006564	0.00246449
0.006565	0.00246343
0.006566	0.00246242
0.006567	0.00246136
0.006568	0.00246035
0.006569	0.00245931
0.00657	0.00245828
0.006571	0.00245724
0.006572	0.00245621
0.006573	0.00245538
0.006574	0.00245435
0.006575	0.00245311
0.006576	0.00245229
0.006577	0.00245105
0.006578	0.00245002
0.006579	0.0024492
0.00658	0.00244794
0.006581	0.00244692
0.006582	0.00244612
0.006583	0.00244489
0.006584	0.00244406
0.006585	0.00244304
0.006586	0.00244201
0.006587	0.00244079
0.006588	0.00243997
0.006589	0.00243872
0.00659	0.0024377
0.006591	0.0024369
0.006592	0.00243588
0.006593	0.00243466
0.006594	0.00243364
0.006595	0.0024326
0.006596	0.0024316
0.006597	0.00243056
0.006598	0.00242977
0.006599	0.00242876
0.0066	0.00242754
0.006601	0.00242652
0.006602	0.00242571
0.006603	0.0024247
0.006604	0.00242348
0.006605	0.00242267
0.006606	0.00242146
0.006607	0.00242065
0.006608	0.00241964
0.006609	0.00241843
0.00661	0.00241742
0.006611	0.00241641
0.006612	0.00241561
0.006613	0.00241437
0.006614	0.00241339
0.006615	0.00241236
0.006616	0.00241138
0.006617	0.00241035
0.006618	0.00240957
0.006619	0.00240836
0.00662	0.00240736
0.006621	0.00240636
0.006622	0.00240556
0.006623	0.00240456
0.006624	0.00240335
0.006625	0.00240256
0.006626	0.00240135
0.006627	0.00240056
0.006628	0.00239956
0.006629	0.00239836
0.00663	0.00239736
0.006631	0.00239637
0.006632	0.00239558
0.006633	0.00239435
0.006634	0.00239338
0.006635	0.00239236
0.006636	0.0023914
0.006637	0.00239038
0.006638	0.00238962
0.006639	0.00238863
0.00664	0.00238743
0.006641	0.00238641
0.006642	0.00238566
0.006643	0.00238467
0.006644	0.00238347
0.006645	0.00238269
0.006646	0.0023815
0.006647	0.00238051
0.006648	0.00237973
0.006649	0.00237851
0.00665	0.00237753
0.006651	0.00237678
0.006652	0.0023758
0.006653	0.0023746
0.006654	0.00237383
0.006655	0.00237264
0.006656	0.00237187
0.006657	0.00237068
0.006658	0.0023697
0.006659	0.00236893
0.00666	0.00236772
0.006661	0.00236676
0.006662	0.00236579
0.006663	0.00236481
0.006664	0.00236404
0.006665	0.00236286
0.006666	0.00236209
0.006667	0.00236088
0.006668	0.00235994
0.006669	0.00235896
0.00667	0.00235799
0.006671	0.00235702
0.006672	0.00235605
0.006673	0.00235529
0.006674	0.00235411
0.006675	0.00235335
0.006676	0.00235217
0.006677	0.00235141
0.006678	0.00235021
0.006679	0.00234924
0.00668	0.00234851
0.006681	0.00234754
0.006682	0.00234634
0.006683	0.0023454
0.006684	0.00234441
0.006685	0.00234347
0.006686	0.00234248
0.006687	0.00234155
0.006688	0.00234059
0.006689	0.00233962
0.00669	0.00233866
0.006691	0.0023377
0.006692	0.00233674
0.006693	0.00233576
0.006694	0.00233483
0.006695	0.00233384
0.006696	0.00233291
0.006697	0.00233193
0.006698	0.00233121
0.006699	0.00233026
0.0067	0.00232906
0.006701	0.00232811
0.006702	0.00232739
0.006703	0.00232623
0.006704	0.00232549
0.006705	0.00232432
0.006706	0.00232359
0.006707	0.00232242
0.006708	0.00232147
0.006709	0.00232052
0.00671	0.00231957
0.006711	0.00231863
0.006712	0.00231768
0.006713	0.00231694
0.006714	0.00231578
0.006715	0.00231505
0.006716	0.00231389
0.006717	0.00231295
0.006718	0.00231198
0.006719	0.00231103
0.00672	0.00231033
0.006721	0.00230939
0.006722	0.00230823
0.006723	0.00230729
0.006724	0.00230632
0.006725	0.00230541
0.006726	0.00230447
0.006727	0.00230375
0.006728	0.00230281
0.006729	0.00230163
0.00673	0.00230069
0.006731	0.0023
0.006732	0.00229906
0.006733	0.00229791
0.006734	0.00229719
0.006735	0.00229604
0.006736	0.00229532
0.006737	0.00229439
0.006738	0.00229324
0.006739	0.00229231
0.00674	0.00229137
0.006741	0.00229044
0.006742	0.00228949
0.006743	0.00228858
0.006744	0.00228765
0.006745	0.00228673
0.006746	0.00228577
0.006747	0.00228487
0.006748	0.00228394
0.006749	0.00228302
0.00675	0.00228209
0.006751	0.00228116
0.006752	0.00228046
0.006753	0.00227929
0.006754	0.00227839
0.006755	0.00227744
0.006756	0.00227676
0.006757	0.00227562
0.006758	0.0022747
0.006759	0.00227378
0.00676	0.00227286
0.006761	0.00227194
0.006762	0.00227102
0.006763	0.00227008
0.006764	0.00226919
0.006765	0.00226824
0.006766	0.00226735
0.006767	0.00226643
0.006768	0.00226552
0.006769	0.0022646
0.00677	0.00226369
0.006771	0.00226277
0.006772	0.00226208
0.006773	0.00226092
0.006774	0.00226004
0.006775	0.0022591
0.006776	0.00225843
0.006777	0.0022573
0.006778	0.00225639
0.006779	0.00225548
0.00678	0.00225457
0.006781	0.00225366
0.006782	0.00225273
0.006783	0.00225182
0.006784	0.00225094
0.006785	0.00225001
0.006786	0.0022491
0.006787	0.00224822
0.006788	0.00224732
0.006789	0.00224641
0.00679	0.00224551
0.006791	0.00224461
0.006792	0.00224393
0.006793	0.0022428
0.006794	0.00224212
0.006795	0.002241
0.006796	0.00224032
0.006797	0.00223942
0.006798	0.0022383
0.006799	0.0022374
0.0068	0.00223673
0.006801	0.00223583
0.006802	0.00223468
0.006803	0.00223381
0.006804	0.00223289
0.006805	0.00223202
0.006806	0.00223113
0.006807	0.00223045
0.006808	0.00222956
0.006809	0.00222842
0.00681	0.00222753
0.006811	0.00222688
0.006812	0.00222577
0.006813	0.0022251
0.006814	0.00222399
0.006815	0.00222332
0.006816	0.00222221
0.006817	0.00222132
0.006818	0.00222043
0.006819	0.00221954
0.00682	0.00221866
0.006821	0.00221777
0.006822	0.00221711
0.006823	0.00221622
0.006824	0.00221511
0.006825	0.00221423
0.006826	0.00221357
0.006827	0.00221243
0.006828	0.00221158
0.006829	0.0022107
0.00683	0.00221004
0.006831	0.0022089
0.006832	0.00220802
0.006833	0.00220717
0.006834	0.00220626
0.006835	0.00220541
0.006836	0.00220453
0.006837	0.00220363
0.006838	0.002203
0.006839	0.00220212
0.00684	0.002201
0.006841	0.00220015
0.006842	0.00219927
0.006843	0.00219837
0.006844	0.00219752
0.006845	0.00219662
0.006846	0.00219575
0.006847	0.0021949
0.006848	0.00219403
0.006849	0.00219316
0.00685	0.00219229
0.006851	0.00219164
0.006852	0.00219055
0.006853	0.00218968
0.006854	0.00218903
0.006855	0.00218816
0.006856	0.00218707
0.006857	0.0021862
0.006858	0.00218531
0.006859	0.00218447
0.00686	0.0021836
0.006861	0.00218274
0.006862	0.0021821
0.006863	0.00218101
0.006864	0.00218037
0.006865	0.00217928
0.006866	0.00217864
0.006867	0.00217753
0.006868	0.00217667
0.006869	0.00217606
0.00687	0.0021752
0.006871	0.00217411
0.006872	0.00217325
0.006873	0.00217236
0.006874	0.00217153
0.006875	0.00217065
0.006876	0.00217004
0.006877	0.00216896
0.006878	0.0021681
0.006879	0.00216725
0.00688	0.00216662
0.006881	0.00216576
0.006882	0.00216468
0.006883	0.00216405
0.006884	0.00216297
0.006885	0.00216235
0.006886	0.00216127
0.006887	0.00216042
0.006888	0.00215956
0.006889	0.00215871
0.00689	0.00215786
0.006891	0.00215699
0.006892	0.00215614
0.006893	0.00215531
0.006894	0.00215444
0.006895	0.00215362
0.006896	0.00215277
0.006897	0.00215192
0.006898	0.00215108
0.006899	0.00215023
0.0069	0.00214939
0.006901	0.00214854
0.006902	0.00214767
0.006903	0.00214685
0.006904	0.00214598
0.006905	0.00214517
0.006906	0.00214432
0.006907	0.00214371
0.006908	0.00214287
0.006909	0.0021418
0.00691	0.00214096
0.006911	0.00214012
0.006912	0.00213925
0.006913	0.00213844
0.006914	0.00213758
0.006915	0.00213677
0.006916	0.00213593
0.006917	0.00213509
0.006918	0.00213449
0.006919	0.00213365
0.00692	0.00213258
0.006921	0.00213175
0.006922	0.00213089
0.006923	0.00213008
0.006924	0.00212922
0.006925	0.00212842
0.006926	0.00212758
0.006927	0.00212675
0.006928	0.00212592
0.006929	0.00212509
0.00693	0.00212426
0.006931	0.00212343
0.006932	0.00212257
0.006933	0.00212177
0.006934	0.00212091
0.006935	0.00212009
0.006936	0.00211929
0.006937	0.00211846
0.006938	0.00211763
0.006939	0.00211681
0.00694	0.00211598
0.006941	0.00211539
0.006942	0.00211433
0.006943	0.00211374
0.006944	0.00211269
0.006945	0.0021121
0.006946	0.00211127
0.006947	0.00211022
0.006948	0.0021094
0.006949	0.00210858
0.00695	0.00210799
0.006951	0.00210691
0.006952	0.00210612
0.006953	0.00210527
0.006954	0.00210448
0.006955	0.00210366
0.006956	0.00210308
0.006957	0.00210226
0.006958	0.00210118
0.006959	0.00210037
0.00696	0.00209981
0.006961	0.00209876
0.006962	0.00209818
0.006963	0.00209714
0.006964	0.00209656
0.006965	0.00209551
0.006966	0.0020947
0.006967	0.00209388
0.006968	0.00209304
0.006969	0.00209226
0.00697	0.00209145
0.006971	0.00209087
0.006972	0.00209006
0.006973	0.00208902
0.006974	0.00208845
0.006975	0.00208764
0.006976	0.0020866
0.006977	0.00208579
0.006978	0.00208498
0.006979	0.00208418
0.00698	0.00208334
0.006981	0.00208254
0.006982	0.00208176
0.006983	0.00208093
0.006984	0.00208015
0.006985	0.00207935
0.006986	0.00207852
0.006987	0.00207798
0.006988	0.00207718
0.006989	0.00207611
0.00699	0.00207534
0.006991	0.00207454
0.006992	0.00207371
0.006993	0.00207294
0.006994	0.00207211
0.006995	0.00207131
0.006996	0.00207078
0.006997	0.00206974
0.006998	0.00206895
0.006999	0.00206815
